2011 super output area - lower layer,mnemonic,All households,Owned,Owned: Owned outright,Owned: Owned with a mortgage or loan,Shared ownership (part owned and part rented),Social rented,Social rented: Rented from council (Local Authority),Social rented: Other,Private rented,Private rented: Private landlord or letting agency,Private rented: Other,Living rent free
Camden 001A,E01000907,627,192,79,113,4,341,314,27,86,84,2,4
Camden 001B,E01000908,827,262,116,146,2,435,422,13,116,94,22,12
Camden 001C,E01000909,661,393,253,140,7,123,92,31,124,110,14,14
Camden 001D,E01000912,700,209,107,102,14,359,280,79,105,97,8,13
Camden 001E,E01000913,722,539,340,199,2,14,10,4,140,129,11,27
Camden 002A,E01000893,715,426,279,147,5,32,19,13,244,233,11,8
Camden 002B,E01000894,619,362,246,116,0,26,21,5,220,207,13,11
Camden 002C,E01000895,841,300,195,105,3,203,173,30,311,291,20,24
Camden 002D,E01000896,756,449,302,147,0,31,16,15,265,257,8,11
Camden 002E,E01000899,698,480,325,155,0,12,9,3,171,164,7,35
Camden 003A,E01000910,588,352,225,127,1,97,80,17,126,118,8,12
Camden 003B,E01000911,663,287,137,150,4,263,92,171,105,95,10,4
Camden 003C,E01000921,946,253,106,147,18,199,87,112,462,450,12,14
Camden 003D,E01000923,656,311,148,163,2,222,126,96,116,110,6,5
Camden 003E,E01000928,682,282,128,154,3,253,192,61,134,127,7,10
Camden 004A,E01000878,550,306,193,113,1,62,41,21,161,154,7,20
Camden 004B,E01000879,602,299,181,118,1,50,46,4,241,236,5,11
Camden 004C,E01000880,621,315,173,142,0,33,26,7,259,255,4,14
Camden 004D,E01000884,577,363,214,149,1,24,15,9,178,171,7,11
Camden 004E,E01000885,592,348,256,92,2,50,42,8,162,157,5,30
Camden 005A,E01000871,632,350,183,167,15,91,72,19,169,163,6,7
Camden 005B,E01000872,913,230,86,144,7,135,82,53,535,524,11,6
Camden 005C,E01000873,710,369,187,182,0,98,29,69,237,228,9,6
Camden 005D,E01000874,704,394,195,199,1,21,17,4,273,261,12,15
Camden 005E,E01000877,726,300,130,170,1,71,34,37,340,328,12,14
Camden 006A,E01000886,606,332,151,181,2,107,93,14,156,150,6,9
Camden 006B,E01000887,690,298,128,170,5,132,119,13,245,233,12,10
Camden 006C,E01000888,697,285,150,135,4,214,123,91,188,180,8,6
Camden 006D,E01000892,823,320,174,146,16,233,214,19,234,218,16,20
Camden 006E,E01000903,686,282,169,113,4,220,65,155,168,157,11,12
Camden 007A,E01000889,657,109,38,71,2,472,338,134,66,63,3,8
Camden 007B,E01000890,767,67,21,46,5,635,627,8,54,48,6,6
Camden 007C,E01000891,672,91,37,54,4,460,433,27,108,103,5,9
Camden 007D,E01000901,703,109,31,78,25,465,307,158,94,90,4,10
Camden 007E,E01000922,653,173,87,86,24,275,191,84,173,167,6,8
Camden 007F,E01000927,734,362,190,172,4,158,123,35,200,187,13,10
Camden 008A,E01000881,632,213,140,73,3,62,48,14,342,339,3,12
Camden 008B,E01000882,728,360,211,149,3,20,17,3,330,324,6,15
Camden 008C,E01000883,638,225,133,92,4,50,33,17,346,330,16,13
Camden 008D,E01000897,721,429,278,151,0,16,14,2,252,244,8,24
Camden 008E,E01000898,850,184,113,71,2,375,177,198,269,243,26,20
Camden 009A,E01000866,926,293,146,147,9,407,267,140,204,190,14,13
Camden 009B,E01000870,774,255,96,159,8,350,319,31,152,144,8,9
Camden 009C,E01000924,795,321,158,163,1,197,133,64,261,249,12,15
Camden 009D,E01000925,629,124,51,73,1,396,369,27,101,90,11,7
Camden 009E,E01000926,698,182,74,108,2,231,207,24,272,260,12,11
Camden 010A,E01000969,954,391,188,203,2,48,38,10,495,474,21,18
Camden 010B,E01000970,831,316,124,192,3,61,21,40,444,436,8,7
Camden 010C,E01000971,649,329,166,163,1,71,47,24,243,237,6,5
Camden 010D,E01000972,949,148,88,60,9,438,203,235,338,333,5,16
Camden 010E,E01000973,894,209,83,126,4,252,135,117,417,408,9,12
Camden 011A,E01000842,724,359,228,131,3,83,20,63,265,259,6,14
Camden 011B,E01000844,870,361,192,169,1,67,17,50,427,415,12,14
Camden 011C,E01000848,805,399,236,163,3,73,52,21,312,301,11,18
Camden 011D,E01000849,862,374,217,157,2,63,25,38,407,394,13,16
Camden 012A,E01000900,757,234,102,132,6,325,287,38,182,172,10,10
Camden 012B,E01000902,590,106,46,60,7,367,323,44,102,96,6,8
Camden 012C,E01000904,918,210,89,121,8,478,423,55,220,210,10,2
Camden 012D,E01000905,812,71,13,58,1,627,607,20,109,101,8,4
Camden 012E,E01000906,788,392,227,165,0,101,96,5,281,262,19,14
Camden 013A,E01000875,839,251,106,145,7,133,46,87,438,427,11,10
Camden 013B,E01000876,800,208,64,144,7,342,271,71,233,225,8,10
Camden 013C,E01000931,873,166,47,119,3,371,285,86,323,315,8,10
Camden 013D,E01000932,947,320,141,179,3,261,192,69,357,341,16,6
Camden 013E,E01000974,821,208,74,134,5,294,137,157,306,300,6,8
Camden 014A,E01000843,846,324,206,118,1,188,165,23,322,310,12,11
Camden 014B,E01000845,731,348,191,157,0,93,68,25,279,270,9,11
Camden 014C,E01000846,616,158,95,63,3,359,331,28,87,84,3,9
Camden 014D,E01000847,677,219,120,99,2,276,251,25,173,157,16,7
Camden 015A,E01000864,717,259,117,142,1,201,104,97,249,230,19,7
Camden 015B,E01000865,451,195,92,103,1,122,49,73,125,116,9,8
Camden 015C,E01000867,675,126,46,80,9,306,210,96,228,206,22,6
Camden 015D,E01000868,584,82,33,49,3,419,408,11,74,72,2,6
Camden 015E,E01000869,967,324,153,171,2,250,132,118,378,348,30,13
Camden 016A,E01000962,745,333,157,176,3,44,24,20,355,344,11,10
Camden 016B,E01000964,713,245,109,136,2,216,120,96,238,225,13,12
Camden 016C,E01000965,764,319,155,164,1,139,90,49,297,286,11,8
Camden 016D,E01000966,675,360,181,179,1,25,21,4,284,276,8,5
Camden 016E,E01000968,760,297,140,157,2,138,65,73,316,297,19,7
Camden 017A,E01000960,841,284,156,128,1,145,126,19,386,377,9,25
Camden 017B,E01000961,652,196,109,87,7,250,213,37,179,172,7,20
Camden 017C,E01000963,851,318,216,102,2,71,24,47,406,385,21,54
Camden 017D,E01000967,619,335,218,117,3,77,50,27,187,177,10,17
Camden 018A,E01000857,686,299,180,119,2,166,137,29,211,200,11,8
Camden 018B,E01000858,775,138,59,79,8,444,221,223,174,161,13,11
Camden 018C,E01000859,807,392,231,161,7,87,36,51,308,293,15,13
Camden 018D,E01000860,797,206,137,69,3,381,56,325,192,141,51,15
Camden 018E,E01000862,816,480,283,197,0,52,26,26,268,252,16,16
Camden 019A,E01000856,628,132,63,69,2,311,223,88,181,171,10,2
Camden 019B,E01000861,729,204,86,118,2,229,183,46,287,266,21,7
Camden 019C,E01000957,765,178,75,103,39,291,209,82,248,230,18,9
Camden 019D,E01000958,835,118,42,76,73,394,293,101,242,227,15,8
Camden 019E,E01000959,698,108,47,61,8,449,442,7,128,124,4,5
Camden 020A,E01000929,685,139,70,69,3,395,359,36,137,129,8,11
Camden 020B,E01000930,1076,179,71,108,4,496,259,237,384,356,28,13
Camden 020C,E01000933,821,290,132,158,5,143,100,43,376,369,7,7
Camden 020D,E01000934,732,117,56,61,52,340,255,85,200,188,12,23
Camden 020E,E01000935,624,90,38,52,1,416,322,94,111,107,4,6
Camden 021A,E01000863,667,153,83,70,11,132,37,95,353,334,19,18
Camden 021B,E01000946,715,217,156,61,6,221,106,115,238,190,48,33
Camden 021C,E01000947,871,206,98,108,6,229,153,76,421,411,10,9
Camden 021D,E01000948,846,284,160,124,2,283,223,60,260,240,20,17
Camden 022A,E01000952,675,101,45,56,2,411,383,28,148,141,7,13
Camden 022B,E01000953,708,123,44,79,2,464,454,10,109,103,6,10
Camden 022C,E01000954,642,63,41,22,1,508,359,149,64,60,4,6
Camden 022D,E01000955,657,35,10,25,3,552,137,415,56,50,6,11
Camden 022E,E01000956,608,74,28,46,4,353,250,103,164,151,13,13
Camden 023A,E01000944,667,102,52,50,3,353,301,52,202,194,8,7
Camden 023B,E01000945,611,98,50,48,3,259,191,68,240,224,16,11
Camden 023C,E01000949,739,57,31,26,7,591,159,432,79,69,10,5
Camden 023D,E01000950,550,75,32,43,0,369,365,4,96,89,7,10
Camden 023E,E01000951,603,103,52,51,6,385,366,19,102,96,6,7
Camden 024A,E01000936,536,110,58,52,5,271,106,165,138,128,10,12
Camden 024B,E01000938,737,78,39,39,3,352,156,196,288,284,4,16
Camden 024C,E01000939,446,51,26,25,2,284,222,62,91,88,3,18
Camden 024D,E01000940,534,46,22,24,2,352,128,224,119,95,24,15
Camden 025A,E01000853,840,144,82,62,4,530,407,123,149,135,14,13
Camden 025B,E01000937,502,103,62,41,0,124,93,31,258,236,22,17
Camden 025C,E01000941,557,56,26,30,0,429,274,155,62,54,8,10
Camden 025D,E01000942,686,206,133,73,2,158,151,7,299,281,18,21
Camden 025E,E01000943,596,155,92,63,0,150,71,79,270,261,9,21
Camden 026A,E01000850,664,171,113,58,5,119,67,52,351,314,37,18
Camden 026B,E01000851,861,218,113,105,4,147,89,58,466,433,33,26
Camden 026C,E01000852,625,157,121,36,1,154,60,94,297,265,32,16
Camden 026D,E01000854,718,169,85,84,2,243,183,60,273,249,24,31
Camden 027A,E01000915,635,108,50,58,4,375,301,74,138,120,18,10
Camden 027B,E01000916,881,252,116,136,2,338,195,143,270,258,12,19
Camden 027C,E01000917,913,93,34,59,0,680,454,226,127,120,7,13
Camden 027D,E01000920,946,223,116,107,0,315,182,133,383,358,25,25
Camden 028A,E01000855,1111,412,248,164,6,185,8,177,469,395,74,39
Camden 028B,E01000914,970,278,150,128,2,205,133,72,450,397,53,35
Camden 028C,E01000918,935,236,134,102,8,381,227,154,288,280,8,22
Camden 028D,E01000919,834,182,87,95,16,305,131,174,312,299,13,19
City of London 001A,E01000001,876,533,355,178,3,41,33,8,264,247,17,35
City of London 001B,E01000002,830,527,314,213,8,48,44,4,219,206,13,28
City of London 001C,E01000003,817,327,184,143,1,295,239,56,177,166,11,17
City of London 001E,E01000005,467,46,24,22,0,312,133,179,101,92,9,8
City of London 001F,E01032739,676,192,104,88,1,11,5,6,387,358,29,85
City of London 001G,E01032740,719,230,112,118,0,18,4,14,425,382,43,46
Hackney 001A,E01001808,558,136,74,62,1,80,21,59,335,322,13,6
Hackney 001B,E01001809,610,167,95,72,2,179,41,138,250,242,8,12
Hackney 001C,E01001814,559,145,62,83,64,128,62,66,209,203,6,13
Hackney 001D,E01001823,538,143,74,69,39,193,123,70,159,150,9,4
Hackney 001E,E01001825,428,157,82,75,4,56,25,31,209,200,9,2
Hackney 002A,E01001714,632,102,37,65,21,377,304,73,124,123,1,8
Hackney 002D,E01001811,646,59,24,35,15,457,313,144,107,105,2,8
Hackney 002E,E01001813,525,54,27,27,3,356,340,16,108,103,5,4
Hackney 002F,E01033701,760,75,28,47,6,532,479,53,136,128,8,11
Hackney 003A,E01001799,485,173,84,89,9,85,53,32,211,205,6,7
Hackney 003B,E01001802,471,115,47,68,0,234,128,106,115,102,13,7
Hackney 003C,E01001804,464,149,73,76,0,131,92,39,181,175,6,3
Hackney 003D,E01001807,693,171,71,100,2,288,162,126,230,217,13,2
Hackney 003E,E01001812,614,136,51,85,7,278,144,134,186,174,12,7
Hackney 004A,E01001725,573,156,78,78,2,184,48,136,226,211,15,5
Hackney 004B,E01001726,464,89,31,58,0,254,42,212,115,110,5,6
Hackney 004C,E01001800,643,68,33,35,14,387,95,292,169,162,7,5
Hackney 004D,E01001824,539,120,49,71,2,271,207,64,136,133,3,10
Hackney 004E,E01001826,585,119,56,63,13,229,171,58,205,200,5,19
Hackney 006A,E01001723,671,227,104,123,7,131,27,104,297,288,9,9
Hackney 006B,E01001724,980,289,89,200,62,170,41,129,451,432,19,8
Hackney 006C,E01001727,573,195,90,105,0,136,58,78,232,215,17,10
Hackney 006D,E01001768,719,265,92,173,6,179,67,112,261,251,10,8
Hackney 006E,E01001769,662,197,79,118,2,253,78,175,206,201,5,4
Hackney 007A,E01001715,673,183,52,131,3,112,20,92,372,355,17,3
Hackney 007B,E01001716,633,132,46,86,41,216,75,141,238,227,11,6
Hackney 007C,E01001717,427,140,64,76,28,153,8,145,98,93,5,8
Hackney 007D,E01001718,824,302,106,196,4,44,19,25,458,442,16,16
Hackney 007E,E01001719,484,79,22,57,5,284,173,111,105,105,0,11
Hackney 007F,E01001720,785,287,101,186,2,99,17,82,393,371,22,4
Hackney 008A,E01001742,789,227,55,172,39,365,182,183,148,136,12,10
Hackney 008B,E01001801,588,148,55,93,23,283,43,240,125,120,5,9
Hackney 008C,E01001803,719,306,130,176,12,134,71,63,259,249,10,8
Hackney 008D,E01001806,714,206,64,142,15,333,253,80,156,145,11,4
Hackney 009A,E01001741,599,323,119,204,2,110,66,44,155,149,6,9
Hackney 009B,E01001805,510,160,57,103,1,114,71,43,230,225,5,5
Hackney 009C,E01001829,696,408,158,250,4,79,38,41,199,194,5,6
Hackney 009D,E01001831,745,211,82,129,5,209,122,87,317,304,13,3
Hackney 009E,E01001832,642,221,83,138,1,180,50,130,234,225,9,6
Hackney 010A,E01001764,696,176,44,132,39,297,133,164,174,160,14,10
Hackney 010B,E01001765,722,60,16,44,15,579,383,196,64,63,1,4
Hackney 010D,E01001767,628,196,70,126,2,207,94,113,218,209,9,5
Hackney 010E,E01001770,784,149,44,105,23,426,361,65,176,166,10,10
Hackney 010F,E01033703,625,105,22,83,18,224,76,148,269,256,13,9
Hackney 010G,E01033713,601,180,46,134,17,177,59,118,224,207,17,3
Hackney 011A,E01001792,620,269,140,129,5,197,129,68,140,134,6,9
Hackney 011B,E01001793,656,252,109,143,11,180,99,81,203,196,7,10
Hackney 011C,E01001794,656,299,145,154,26,117,26,91,209,191,18,5
Hackney 011D,E01001795,571,213,83,130,4,112,53,59,238,226,12,4
Hackney 011E,E01001796,737,208,74,134,3,205,66,139,311,297,14,10
Hackney 012A,E01001736,707,267,83,184,15,198,113,85,225,213,12,2
Hackney 012B,E01001737,754,322,93,229,22,200,83,117,205,192,13,5
Hackney 012C,E01001738,785,279,105,174,1,239,159,80,262,252,10,4
Hackney 012D,E01001739,898,402,170,232,15,224,114,110,243,232,11,14
Hackney 013A,E01001786,717,105,34,71,1,515,119,396,84,77,7,12
Hackney 013B,E01001787,628,115,40,75,3,445,362,83,56,54,2,9
Hackney 013C,E01001788,670,79,17,62,4,471,266,205,107,104,3,9
Hackney 013D,E01001790,492,54,18,36,2,360,119,241,70,65,5,6
Hackney 014A,E01001740,624,91,32,59,20,419,331,88,89,84,5,5
Hackney 014B,E01001747,943,276,78,198,34,235,152,83,390,373,17,8
Hackney 014C,E01001830,932,144,50,94,3,524,234,290,248,237,11,13
Hackney 014D,E01001833,931,283,92,191,7,360,156,204,268,259,9,13
Hackney 014E,E01001834,862,231,88,143,18,262,146,116,344,331,13,7
Hackney 014F,E01001835,483,262,92,170,3,90,49,41,124,122,2,4
Hackney 015A,E01001733,701,292,110,182,19,145,62,83,233,223,10,12
Hackney 015B,E01001785,569,236,101,135,6,193,108,85,126,121,5,8
Hackney 015C,E01001789,646,261,103,158,4,220,114,106,154,147,7,7
Hackney 015D,E01001791,500,179,62,117,0,241,140,101,69,66,3,11
Hackney 016A,E01001745,958,144,35,109,11,524,169,355,261,255,6,18
Hackney 016B,E01001746,632,40,10,30,13,508,201,307,58,52,6,13
Hackney 016C,E01001757,654,87,29,58,2,465,85,380,96,82,14,4
Hackney 016D,E01001758,884,141,40,101,40,485,107,378,204,192,12,14
Hackney 016E,E01001759,750,182,53,129,6,369,175,194,183,173,10,10
Hackney 016F,E01001761,869,131,29,102,13,526,75,451,186,183,3,13
Hackney 017A,E01001731,1033,166,51,115,27,543,293,250,286,274,12,11
Hackney 017B,E01001734,849,186,67,119,6,257,143,114,392,380,12,8
Hackney 017C,E01001760,765,134,45,89,5,317,82,235,306,299,7,3
Hackney 017D,E01001762,820,217,66,151,10,256,118,138,326,316,10,11
Hackney 018A,E01001846,535,96,30,66,34,321,223,98,83,78,5,1
Hackney 018B,E01001847,467,134,46,88,7,216,140,76,106,100,6,4
Hackney 018C,E01001848,655,164,59,105,32,310,126,184,133,130,3,16
Hackney 018D,E01001849,977,206,46,160,92,336,69,267,333,322,11,10
Hackney 019A,E01001729,863,100,16,84,55,557,481,76,143,138,5,8
Hackney 019B,E01001730,801,80,24,56,21,575,410,165,118,113,5,7
Hackney 019C,E01001732,696,75,19,56,35,487,168,319,87,77,10,12
Hackney 019D,E01001735,661,237,78,159,5,292,201,91,118,112,6,9
Hackney 019E,E01001838,705,71,25,46,8,561,432,129,52,46,6,13
Hackney 019F,E01001850,676,73,28,45,2,503,465,38,92,90,2,6
Hackney 020A,E01001748,1090,234,93,141,41,370,71,299,431,409,22,14
Hackney 020B,E01001749,743,291,107,184,17,220,50,170,205,197,8,10
Hackney 020C,E01001763,742,190,64,126,5,360,187,173,181,164,17,6
Hackney 020D,E01001816,640,259,100,159,12,248,188,60,114,104,10,7
Hackney 020E,E01001819,684,235,92,143,0,320,110,210,123,120,3,6
Hackney 021B,E01001744,786,241,77,164,5,366,265,101,157,145,12,17
Hackney 021C,E01001750,782,199,67,132,36,318,213,105,217,203,14,12
Hackney 021D,E01001751,676,358,151,207,9,72,20,52,235,227,8,2
Hackney 021E,E01001756,987,317,129,188,7,215,99,116,440,426,14,8
Hackney 021F,E01033698,613,46,15,31,11,416,131,285,130,124,6,10
Hackney 021G,E01033699,585,124,40,84,3,130,16,114,311,300,11,17
Hackney 021H,E01033700,697,138,44,94,26,153,74,79,375,370,5,5
Hackney 021I,E01033707,614,55,21,34,3,249,30,219,301,296,5,6
Hackney 022A,E01001836,857,190,52,138,17,440,142,298,193,179,14,17
Hackney 022B,E01001840,715,137,34,103,12,478,337,141,79,76,3,9
Hackney 022C,E01001841,626,209,84,125,10,304,121,183,91,88,3,12
Hackney 022D,E01001844,812,241,93,148,12,347,40,307,198,182,16,14
Hackney 022E,E01001845,680,53,20,33,3,549,91,458,62,55,7,13
Hackney 023B,E01001837,665,285,89,196,6,191,6,185,178,164,14,5
Hackney 023C,E01001839,941,182,43,139,34,315,240,75,402,390,12,8
Hackney 023D,E01001842,631,118,29,89,8,405,129,276,91,84,7,9
Hackney 023E,E01001843,502,161,53,108,10,254,29,225,74,69,5,3
Hackney 023F,E01033704,763,157,27,130,111,157,25,132,327,308,19,11
Hackney 023G,E01033712,661,125,42,83,22,282,181,101,225,222,3,7
Hackney 024A,E01001772,459,54,16,38,2,353,228,125,42,41,1,8
Hackney 024B,E01001774,875,191,41,150,9,366,296,70,295,280,15,14
Hackney 024C,E01001775,759,123,28,95,10,495,376,119,114,108,6,17
Hackney 024D,E01001815,692,147,43,104,1,446,307,139,96,84,12,2
Hackney 024E,E01001820,599,130,49,81,4,382,345,37,77,70,7,6
Hackney 024F,E01001821,644,98,32,66,2,460,394,66,76,73,3,8
Hackney 025A,E01001752,1060,235,61,174,148,355,266,89,311,303,8,11
Hackney 025B,E01001753,687,62,30,32,18,512,485,27,87,77,10,8
Hackney 025C,E01001754,1135,184,52,132,61,486,188,298,391,380,11,13
Hackney 025D,E01001755,724,86,28,58,33,459,217,242,125,118,7,21
Hackney 025E,E01001773,860,95,33,62,54,464,306,158,231,222,9,16
Hackney 025F,E01001776,634,95,43,52,3,436,300,136,93,91,2,7
Hackney 026A,E01001779,1121,174,60,114,115,589,398,191,232,217,15,11
Hackney 026B,E01001781,731,67,25,42,1,506,459,47,140,126,14,17
Hackney 026C,E01001782,1053,326,116,210,30,348,238,110,336,318,18,13
Hackney 026D,E01001783,863,93,31,62,12,634,610,24,120,113,7,4
Hackney 027B,E01001777,1043,141,42,99,24,472,451,21,396,381,15,10
Hackney 027D,E01001780,916,138,44,94,16,560,423,137,188,172,16,14
Hackney 027E,E01001784,797,139,36,103,2,462,450,12,180,174,6,14
Hackney 027F,E01033706,764,135,42,93,17,134,119,15,474,458,16,4
Hackney 027G,E01033708,862,173,64,109,2,41,11,30,622,606,16,24
Hackney 027H,E01033709,789,71,22,49,32,451,225,226,228,209,19,7
Hackney 027I,E01033711,501,119,32,87,5,130,88,42,241,228,13,6
Hackney 028A,E01001798,694,147,55,92,2,344,215,129,196,186,10,5
Hackney 028B,E01001828,831,156,59,97,28,484,233,251,156,145,11,7
Hackney 028C,E01033702,480,94,22,72,40,194,46,148,151,143,8,1
Hackney 028D,E01033705,576,93,23,70,10,308,95,213,157,151,6,8
Hackney 028E,E01033710,532,85,18,67,13,108,40,68,325,312,13,1
Hackney 029A,E01001722,860,148,50,98,23,456,126,330,221,214,7,12
Hackney 029B,E01001728,627,115,62,53,0,275,108,167,222,216,6,15
Hackney 029C,E01001822,706,111,35,76,3,392,272,120,190,183,7,10
Hackney 029D,E01001827,716,120,56,64,4,416,255,161,165,150,15,11
Hammersmith and Fulham 001A,E01001874,966,173,72,101,34,530,176,354,218,204,14,11
Hammersmith and Fulham 001B,E01001875,666,179,82,97,2,357,84,273,114,108,6,14
Hammersmith and Fulham 001C,E01001876,834,97,42,55,34,615,171,444,81,74,7,7
Hammersmith and Fulham 001D,E01001877,603,150,86,64,86,184,38,146,178,170,8,5
Hammersmith and Fulham 001E,E01001878,605,146,72,74,3,368,26,342,82,74,8,6
Hammersmith and Fulham 002A,E01001955,674,138,54,84,8,410,341,69,102,95,7,16
Hammersmith and Fulham 002B,E01001957,605,81,34,47,2,419,376,43,91,90,1,12
Hammersmith and Fulham 002C,E01001958,614,55,15,40,4,484,461,23,63,61,2,8
Hammersmith and Fulham 002D,E01001961,540,69,25,44,1,378,357,21,80,72,8,12
Hammersmith and Fulham 003A,E01001954,649,239,103,136,6,268,75,193,123,111,12,13
Hammersmith and Fulham 003B,E01001956,603,252,122,130,2,230,58,172,110,105,5,9
Hammersmith and Fulham 003C,E01001959,588,199,104,95,27,278,163,115,73,70,3,11
Hammersmith and Fulham 003D,E01001960,750,273,122,151,17,159,47,112,293,279,14,8
Hammersmith and Fulham 004A,E01001943,905,203,96,107,40,278,103,175,374,361,13,10
Hammersmith and Fulham 004B,E01001944,869,96,41,55,5,649,571,78,107,102,5,12
Hammersmith and Fulham 004C,E01001945,754,279,133,146,2,242,61,181,219,209,10,12
Hammersmith and Fulham 004D,E01001946,702,199,95,104,5,269,118,151,222,214,8,7
Hammersmith and Fulham 005A,E01001862,830,216,74,142,4,387,163,224,211,199,12,12
Hammersmith and Fulham 005B,E01001940,740,148,62,86,27,284,110,174,271,265,6,10
Hammersmith and Fulham 005C,E01001941,717,172,78,94,20,148,36,112,372,363,9,5
Hammersmith and Fulham 005D,E01001942,865,235,106,129,7,234,69,165,367,358,9,22
Hammersmith and Fulham 006A,E01001858,732,208,80,128,25,268,106,162,220,211,9,11
Hammersmith and Fulham 006B,E01001860,795,155,54,101,26,351,163,188,254,248,6,9
Hammersmith and Fulham 006C,E01001861,654,197,73,124,6,261,95,166,184,179,5,6
Hammersmith and Fulham 006D,E01001863,671,306,117,189,15,156,28,128,189,181,8,5
Hammersmith and Fulham 006E,E01001864,761,227,108,119,18,226,93,133,279,272,7,11
Hammersmith and Fulham 007A,E01001852,956,375,139,236,6,146,28,118,423,405,18,6
Hammersmith and Fulham 007B,E01001853,695,297,126,171,2,116,35,81,274,263,11,6
Hammersmith and Fulham 007C,E01001854,887,324,122,202,6,195,99,96,351,334,17,11
Hammersmith and Fulham 007D,E01001857,733,132,61,71,3,386,328,58,203,193,10,9
Hammersmith and Fulham 008A,E01001859,1140,351,116,235,84,399,193,206,296,280,16,10
Hammersmith and Fulham 008B,E01001865,651,318,140,178,2,120,29,91,204,189,15,7
Hammersmith and Fulham 008C,E01001927,557,377,213,164,0,35,14,21,142,133,9,3
Hammersmith and Fulham 008D,E01001930,842,287,136,151,11,315,83,232,222,211,11,7
Hammersmith and Fulham 009A,E01001895,674,255,109,146,2,185,54,131,219,209,10,13
Hammersmith and Fulham 009B,E01001896,669,206,87,119,3,234,73,161,221,211,10,5
Hammersmith and Fulham 009C,E01001897,619,283,149,134,2,146,24,122,186,179,7,2
Hammersmith and Fulham 009D,E01001929,597,354,193,161,2,68,24,44,161,151,10,12
Hammersmith and Fulham 010A,E01001851,696,344,172,172,2,108,39,69,234,223,11,8
Hammersmith and Fulham 010B,E01001855,894,362,148,214,3,153,36,117,369,354,15,7
Hammersmith and Fulham 010C,E01001856,730,167,88,79,3,287,82,205,264,256,8,9
Hammersmith and Fulham 010D,E01001869,574,253,156,97,3,93,11,82,209,189,20,16
Hammersmith and Fulham 010E,E01001873,689,211,108,103,5,250,143,107,218,205,13,5
Hammersmith and Fulham 011A,E01001928,722,288,145,143,15,207,84,123,199,186,13,13
Hammersmith and Fulham 011B,E01001931,709,227,94,133,24,161,28,133,291,280,11,6
Hammersmith and Fulham 011C,E01001932,757,201,98,103,11,209,112,97,325,307,18,11
Hammersmith and Fulham 011D,E01001933,635,323,203,120,23,124,46,78,155,139,16,10
Hammersmith and Fulham 012A,E01001866,704,288,148,140,11,93,34,59,299,277,22,13
Hammersmith and Fulham 012B,E01001867,612,243,119,124,8,88,81,7,263,248,15,10
Hammersmith and Fulham 012C,E01001868,603,66,23,43,1,362,173,189,164,159,5,10
Hammersmith and Fulham 012D,E01001870,1009,328,134,194,1,131,44,87,538,518,20,11
Hammersmith and Fulham 012E,E01001871,769,308,184,124,2,96,43,53,340,319,21,23
Hammersmith and Fulham 012F,E01001872,759,263,111,152,5,141,53,88,338,316,22,12
Hammersmith and Fulham 013A,E01001893,504,97,38,59,1,297,199,98,103,98,5,6
Hammersmith and Fulham 013B,E01001894,602,152,89,63,1,262,177,85,173,166,7,14
Hammersmith and Fulham 013C,E01001898,736,227,108,119,17,138,49,89,337,325,12,17
Hammersmith and Fulham 013D,E01001899,691,94,43,51,13,448,306,142,122,114,8,14
Hammersmith and Fulham 013E,E01001900,723,139,68,71,5,370,46,324,195,182,13,14
Hammersmith and Fulham 014A,E01001889,593,274,111,163,6,116,44,72,190,176,14,7
Hammersmith and Fulham 014B,E01001910,840,252,98,154,2,179,82,97,398,378,20,9
Hammersmith and Fulham 014C,E01001913,774,339,152,187,6,29,8,21,383,352,31,17
Hammersmith and Fulham 014D,E01001914,887,224,79,145,7,174,83,91,469,444,25,13
Hammersmith and Fulham 015A,E01001885,538,51,21,30,2,423,371,52,51,45,6,11
Hammersmith and Fulham 015B,E01001908,875,254,93,161,2,119,41,78,490,472,18,10
Hammersmith and Fulham 015C,E01001909,821,253,99,154,3,282,185,97,266,253,13,17
Hammersmith and Fulham 015D,E01001911,751,133,42,91,25,450,338,112,124,113,11,19
Hammersmith and Fulham 015E,E01001912,600,93,37,56,5,351,307,44,127,124,3,24
Hammersmith and Fulham 016A,E01001886,628,206,84,122,6,243,192,51,159,152,7,14
Hammersmith and Fulham 016B,E01001887,658,184,78,106,6,286,182,104,180,169,11,2
Hammersmith and Fulham 016C,E01001890,950,190,83,107,1,466,77,389,283,244,39,10
Hammersmith and Fulham 016D,E01001892,605,167,64,103,2,303,239,64,121,115,6,12
Hammersmith and Fulham 017A,E01001880,757,182,97,85,20,291,37,254,251,236,15,13
Hammersmith and Fulham 017B,E01001881,681,282,152,130,2,116,46,70,276,266,10,5
Hammersmith and Fulham 017C,E01001882,702,303,127,176,5,77,25,52,306,289,17,11
Hammersmith and Fulham 017D,E01001883,734,185,73,112,8,257,182,75,272,258,14,12
Hammersmith and Fulham 017E,E01001884,931,186,82,104,21,431,151,280,280,261,19,13
Hammersmith and Fulham 018A,E01001888,644,363,173,190,12,101,50,51,152,146,6,16
Hammersmith and Fulham 018B,E01001891,863,323,154,169,6,63,32,31,459,441,18,12
Hammersmith and Fulham 018C,E01001917,684,295,132,163,7,191,159,32,180,171,9,11
Hammersmith and Fulham 018D,E01001918,622,360,154,206,4,85,60,25,152,138,14,21
Hammersmith and Fulham 018E,E01001919,639,404,211,193,9,77,60,17,138,133,5,11
Hammersmith and Fulham 019A,E01001879,633,219,112,107,2,207,63,144,195,182,13,10
Hammersmith and Fulham 019B,E01001901,695,362,173,189,4,96,50,46,227,217,10,6
Hammersmith and Fulham 019C,E01001902,814,272,114,158,3,181,61,120,348,332,16,10
Hammersmith and Fulham 019D,E01001903,681,219,111,108,7,262,177,85,184,175,9,9
Hammersmith and Fulham 020A,E01001920,828,198,104,94,7,398,200,198,212,197,15,13
Hammersmith and Fulham 020B,E01001921,663,289,139,150,2,147,57,90,213,194,19,12
Hammersmith and Fulham 020C,E01001922,671,375,228,147,4,86,46,40,198,181,17,8
Hammersmith and Fulham 020D,E01001923,653,281,137,144,3,169,129,40,190,182,8,10
Hammersmith and Fulham 020E,E01001924,604,350,167,183,3,41,24,17,199,193,6,11
Hammersmith and Fulham 021A,E01001947,591,84,28,56,1,428,376,52,72,68,4,6
Hammersmith and Fulham 021B,E01001948,922,377,175,202,72,140,59,81,327,304,23,6
Hammersmith and Fulham 021C,E01001949,658,298,133,165,6,59,27,32,285,265,20,10
Hammersmith and Fulham 021D,E01001950,636,317,162,155,3,45,24,21,255,243,12,16
Hammersmith and Fulham 021E,E01001951,705,276,135,141,4,168,142,26,246,238,8,11
Hammersmith and Fulham 021F,E01001953,610,144,57,87,2,201,165,36,255,242,13,8
Hammersmith and Fulham 022A,E01001904,681,356,157,199,5,67,35,32,242,233,9,11
Hammersmith and Fulham 022B,E01001905,750,360,166,194,4,104,28,76,272,262,10,10
Hammersmith and Fulham 022C,E01001906,656,308,127,181,5,94,55,39,246,234,12,3
Hammersmith and Fulham 022D,E01001907,563,287,142,145,4,74,26,48,187,181,6,11
Hammersmith and Fulham 023A,E01001935,927,374,154,220,9,284,197,87,250,232,18,10
Hammersmith and Fulham 023C,E01001939,985,281,161,120,89,407,174,233,177,163,14,31
Hammersmith and Fulham 023D,E01032788,496,170,67,103,3,177,72,105,142,129,13,4
Hammersmith and Fulham 023E,E01032789,586,160,56,104,41,180,31,149,194,182,12,11
Hammersmith and Fulham 023F,E01032790,557,174,94,80,3,170,24,146,188,174,14,22
Hammersmith and Fulham 024A,E01001915,608,336,194,142,7,91,42,49,161,156,5,13
Hammersmith and Fulham 024B,E01001916,689,443,320,123,9,17,13,4,186,170,16,34
Hammersmith and Fulham 024C,E01001926,613,373,198,175,4,41,19,22,189,181,8,6
Hammersmith and Fulham 024D,E01001952,809,273,116,157,7,130,73,57,385,372,13,14
Hammersmith and Fulham 025A,E01001925,624,362,190,172,5,76,37,39,168,163,5,13
Hammersmith and Fulham 025B,E01001934,699,211,105,106,7,314,254,60,150,138,12,17
Hammersmith and Fulham 025C,E01001937,760,364,179,185,8,94,51,43,284,266,18,10
Hammersmith and Fulham 025D,E01001938,616,169,62,107,54,279,142,137,106,96,10,8
Haringey 001A,E01001969,857,278,101,177,5,224,76,148,337,324,13,13
Haringey 001B,E01001971,784,151,47,104,22,453,269,184,141,137,4,17
Haringey 001C,E01001974,959,424,186,238,9,81,29,52,433,418,15,12
Haringey 001D,E01001975,776,313,120,193,14,91,37,54,351,342,9,7
Haringey 002A,E01002036,637,226,112,114,3,249,161,88,157,152,5,2
Haringey 002B,E01002037,697,118,59,59,4,349,248,101,216,209,7,10
Haringey 002C,E01002039,639,58,24,34,0,501,464,37,65,59,6,15
Haringey 002D,E01002040,740,262,114,148,15,233,130,103,218,211,7,12
Haringey 004A,E01001962,641,417,169,248,9,104,81,23,104,101,3,7
Haringey 004B,E01001970,728,180,63,117,42,293,113,180,205,200,5,8
Haringey 004C,E01001972,749,286,115,171,3,274,239,35,174,166,8,12
Haringey 004D,E01001973,943,417,204,213,33,230,94,136,254,247,7,9
Haringey 005A,E01002090,531,222,94,128,7,201,145,56,99,92,7,2
Haringey 005B,E01002093,645,167,48,119,8,372,281,91,84,80,4,14
Haringey 005C,E01002096,583,184,57,127,4,332,265,67,57,50,7,6
Haringey 005D,E01002097,592,207,64,143,3,273,244,29,97,90,7,12
Haringey 006A,E01002091,635,188,72,116,7,346,307,39,85,76,9,9
Haringey 006B,E01002092,689,166,44,122,28,211,126,85,268,254,14,16
Haringey 006C,E01002094,541,168,58,110,5,268,217,51,89,85,4,11
Haringey 006D,E01002095,604,130,33,97,6,344,217,127,109,105,4,15
Haringey 007A,E01002098,604,276,112,164,5,101,31,70,217,211,6,5
Haringey 007B,E01002101,698,358,131,227,4,56,32,24,271,263,8,9
Haringey 007C,E01002102,752,261,106,155,5,118,56,62,362,352,10,6
Haringey 007D,E01002105,861,214,75,139,1,176,96,80,455,448,7,15
Haringey 008A,E01002099,813,160,43,117,7,454,394,60,175,168,7,17
Haringey 008B,E01002100,680,261,120,141,32,185,120,65,189,181,8,13
Haringey 008C,E01002103,646,293,133,160,13,94,57,37,238,226,12,8
Haringey 008D,E01002104,501,270,121,149,3,105,74,31,114,113,1,9
Haringey 009A,E01001963,691,504,215,289,0,45,35,10,134,132,2,8
Haringey 009B,E01001964,667,373,138,235,4,69,27,42,218,212,6,3
Haringey 009C,E01001965,657,467,164,303,2,68,52,16,115,107,8,5
Haringey 009D,E01001966,535,400,205,195,1,26,20,6,106,106,0,2
Haringey 010A,E01002027,552,207,84,123,2,170,151,19,168,165,3,5
Haringey 010B,E01002028,645,256,105,151,6,179,167,12,194,189,5,10
Haringey 010C,E01002032,759,199,68,131,7,384,366,18,154,147,7,15
Haringey 010D,E01002033,709,207,82,125,2,316,295,21,170,161,9,14
Haringey 011A,E01001976,635,240,96,144,6,180,58,122,198,194,4,11
Haringey 011B,E01001977,605,188,68,120,6,204,101,103,190,182,8,17
Haringey 011C,E01001978,819,212,74,138,8,336,177,159,245,233,12,18
Haringey 011D,E01001979,846,177,71,106,47,313,94,219,281,268,13,28
Haringey 012A,E01002074,849,213,62,151,28,372,263,109,220,211,9,16
Haringey 012B,E01002077,686,94,37,57,16,400,179,221,156,151,5,20
Haringey 012C,E01002079,539,259,111,148,3,83,47,36,187,168,19,7
Haringey 012D,E01002081,615,122,36,86,0,343,300,43,140,132,8,10
Haringey 013A,E01002082,568,54,13,41,1,451,243,208,46,42,4,16
Haringey 013B,E01002086,605,224,106,118,2,219,178,41,146,141,5,14
Haringey 013C,E01002088,688,335,166,169,4,112,59,53,228,212,16,9
Haringey 013D,E01002089,644,38,10,28,4,549,526,23,39,35,4,14
Haringey 014A,E01001967,633,457,227,230,2,36,13,23,137,134,3,1
Haringey 014B,E01001968,778,406,163,243,1,66,43,23,303,288,15,2
Haringey 014C,E01001996,698,388,130,258,2,56,11,45,244,234,10,8
Haringey 014D,E01001997,730,297,110,187,1,28,8,20,398,385,13,6
Haringey 015A,E01002075,595,206,74,132,2,232,125,107,140,128,12,15
Haringey 015B,E01002076,639,264,108,156,7,168,122,46,189,181,8,11
Haringey 015C,E01002078,951,285,84,201,15,431,343,88,209,197,12,11
Haringey 015D,E01002080,510,235,117,118,5,80,32,48,175,168,7,15
Haringey 016A,E01002026,711,91,27,64,1,502,273,229,101,98,3,16
Haringey 016B,E01002029,740,133,49,84,107,315,174,141,174,169,5,11
Haringey 016C,E01002030,658,248,131,117,18,116,43,73,263,256,7,13
Haringey 016D,E01002031,764,220,115,105,8,132,85,47,396,389,7,8
Haringey 017A,E01001991,766,299,104,195,3,50,34,16,410,402,8,4
Haringey 017B,E01001992,672,449,266,183,2,29,22,7,188,176,12,4
Haringey 017C,E01001993,609,463,252,211,1,47,43,4,88,85,3,10
Haringey 017D,E01001995,898,434,126,308,43,302,230,72,108,97,11,11
Haringey 018A,E01001980,673,300,127,173,6,129,57,72,229,225,4,9
Haringey 018B,E01001981,601,229,101,128,5,131,62,69,223,215,8,13
Haringey 018C,E01001982,676,289,127,162,4,146,63,83,228,223,5,9
Haringey 018D,E01001983,612,326,124,202,11,104,36,68,164,158,6,7
Haringey 019A,E01002083,543,299,172,127,2,33,17,16,203,196,7,6
Haringey 019B,E01002084,619,305,133,172,5,102,77,25,196,186,10,11
Haringey 019C,E01002085,821,260,119,141,15,216,113,103,317,307,10,13
Haringey 019D,E01002087,714,238,113,125,2,192,71,121,266,257,9,16
Haringey 020B,E01002014,797,308,90,218,4,147,76,71,328,321,7,10
Haringey 020C,E01002015,668,267,112,155,6,284,194,90,103,98,5,8
Haringey 020D,E01002018,602,293,99,194,3,216,200,16,87,85,2,3
Haringey 020E,E01033085,908,239,39,200,62,211,83,128,391,382,9,5
Haringey 020F,E01033086,488,63,16,47,3,344,304,40,65,60,5,13
Haringey 021A,E01002020,706,331,141,190,3,118,54,64,248,247,1,6
Haringey 021B,E01002022,867,308,128,180,1,31,22,9,516,486,30,11
Haringey 021C,E01002023,609,414,205,209,2,58,45,13,124,117,7,11
Haringey 021D,E01002025,670,447,245,202,1,27,11,16,190,177,13,5
Haringey 022A,E01002013,595,398,133,265,5,67,61,6,122,115,7,3
Haringey 022B,E01002019,503,396,182,214,1,20,16,4,83,80,3,3
Haringey 022C,E01002021,603,432,218,214,3,60,50,10,106,101,5,2
Haringey 022D,E01002024,534,298,125,173,10,108,99,9,105,99,6,13
Haringey 023A,E01001998,865,355,139,216,4,69,27,42,423,409,14,14
Haringey 023B,E01001999,819,343,141,202,2,75,29,46,380,371,9,19
Haringey 023C,E01002003,929,151,57,94,5,252,123,129,499,492,7,22
Haringey 023D,E01002004,710,365,167,198,5,110,44,66,225,221,4,5
Haringey 024A,E01002067,700,181,73,108,8,340,125,215,157,151,6,14
Haringey 024B,E01002069,880,208,74,134,5,305,112,193,347,339,8,15
Haringey 024C,E01002070,789,358,138,220,6,143,75,68,273,261,12,9
Haringey 024D,E01002073,681,204,66,138,2,271,204,67,192,184,8,12
Haringey 025A,E01002066,781,109,35,74,57,439,197,242,165,158,7,11
Haringey 025B,E01002068,739,209,79,130,24,193,103,90,305,298,7,8
Haringey 025C,E01002071,675,127,42,85,25,349,260,89,165,153,12,9
Haringey 025D,E01002072,680,193,66,127,16,285,181,104,175,164,11,11
Haringey 026A,E01002043,742,279,110,169,6,117,59,58,329,315,14,11
Haringey 026B,E01002045,803,194,82,112,43,294,203,91,257,248,9,15
Haringey 026C,E01002046,676,226,92,134,8,262,202,60,165,163,2,15
Haringey 026D,E01002049,705,267,104,163,18,243,184,59,163,157,6,14
Haringey 027A,E01002042,541,260,121,139,4,60,22,38,212,203,9,5
Haringey 027B,E01002044,693,284,135,149,4,73,25,48,327,318,9,5
Haringey 027C,E01002047,592,244,130,114,4,74,60,14,261,251,10,9
Haringey 027D,E01002048,690,295,124,171,1,163,135,28,224,216,8,7
Haringey 028A,E01002016,864,353,119,234,8,260,98,162,237,233,4,6
Haringey 028B,E01002017,751,335,104,231,12,142,42,100,252,243,9,10
Haringey 028C,E01002059,710,322,118,204,13,237,124,113,132,125,7,6
Haringey 028D,E01002060,763,428,147,281,3,110,25,85,216,204,12,6
Haringey 029A,E01002050,467,213,117,96,6,55,29,26,190,183,7,3
Haringey 029B,E01002051,667,160,68,92,8,234,129,105,257,247,10,8
Haringey 029C,E01002052,526,208,106,102,37,107,76,31,171,159,12,3
Haringey 029D,E01002055,456,194,98,96,9,61,44,17,190,178,12,2
Haringey 030A,E01001994,760,421,209,212,1,65,7,58,267,253,14,6
Haringey 030B,E01002008,643,378,241,137,1,88,26,62,151,123,28,25
Haringey 030C,E01002010,718,360,181,179,4,192,184,8,149,142,7,13
Haringey 030D,E01002011,761,358,155,203,6,117,98,19,259,251,8,21
Haringey 031A,E01002000,690,336,129,207,5,73,29,44,272,264,8,4
Haringey 031B,E01002001,677,296,121,175,6,67,41,26,303,292,11,5
Haringey 031C,E01002002,781,242,84,158,16,114,60,54,391,386,5,18
Haringey 031D,E01002058,681,210,98,112,40,125,41,84,302,292,10,4
Haringey 032A,E01002053,663,180,58,122,8,294,211,83,174,170,4,7
Haringey 032B,E01002054,697,126,49,77,3,416,396,20,131,129,2,21
Haringey 032C,E01002056,841,236,85,151,18,326,255,71,243,233,10,18
Haringey 032D,E01002057,557,206,95,111,14,148,68,80,180,176,4,9
Haringey 033A,E01001984,867,397,176,221,7,116,66,50,339,331,8,8
Haringey 033B,E01001985,769,465,189,276,1,53,9,44,243,234,9,7
Haringey 033C,E01001987,805,509,272,237,2,24,2,22,264,251,13,6
Haringey 033D,E01001989,766,439,191,248,11,105,41,64,208,204,4,3
Haringey 034A,E01001986,744,391,154,237,11,109,32,77,228,221,7,5
Haringey 034B,E01001988,881,387,150,237,4,117,15,102,358,350,8,15
Haringey 034C,E01001990,982,352,117,235,26,68,34,34,529,519,10,7
Haringey 034D,E01002062,855,394,121,273,4,118,61,57,327,314,13,12
Haringey 035A,E01002005,818,301,84,217,2,60,26,34,449,439,10,6
Haringey 035B,E01002006,808,382,137,245,2,59,41,18,357,349,8,8
Haringey 035C,E01002007,799,419,258,161,2,37,4,33,328,320,8,13
Haringey 035D,E01002009,708,400,212,188,0,28,4,24,273,266,7,7
Haringey 036A,E01002061,703,368,126,242,3,88,43,45,239,227,12,5
Haringey 036B,E01002063,713,278,90,188,4,198,120,78,226,219,7,7
Haringey 036C,E01002064,648,227,77,150,2,237,155,82,178,176,2,4
Haringey 036D,E01002065,815,248,64,184,4,205,108,97,343,334,9,15
Haringey 037A,E01002034,811,107,30,77,26,462,408,54,192,182,10,24
Haringey 037B,E01002038,692,86,32,54,30,313,178,135,253,244,9,10
Haringey 037C,E01002041,736,191,79,112,45,283,202,81,190,182,8,27
Haringey 037D,E01032575,672,109,42,67,64,343,133,210,144,137,7,12
Islington 001A,E01002755,635,135,39,96,2,431,332,99,61,56,5,6
Islington 001B,E01002756,610,246,85,161,8,195,138,57,157,149,8,4
Islington 001C,E01002758,709,108,26,82,2,469,417,52,124,119,5,6
Islington 001D,E01002804,754,150,33,117,2,406,218,188,188,174,14,8
Islington 001E,E01002807,824,173,65,108,13,400,308,92,228,220,8,10
Islington 001F,E01002811,694,198,71,127,2,384,324,60,102,97,5,8
Islington 002A,E01002753,626,147,49,98,10,291,149,142,164,157,7,14
Islington 002B,E01002754,614,295,127,168,3,130,101,29,180,174,6,6
Islington 002C,E01002757,590,245,94,151,1,243,193,50,92,85,7,9
Islington 002D,E01002759,659,338,135,203,2,168,125,43,149,141,8,2
Islington 002E,E01002760,626,151,48,103,6,367,289,78,94,88,6,8
Islington 002F,E01002772,871,282,100,182,21,296,177,119,262,249,13,10
Islington 003A,E01002735,777,150,60,90,3,291,165,126,324,319,5,9
Islington 003B,E01002805,758,185,72,113,4,207,159,48,346,340,6,16
Islington 003C,E01002806,721,312,124,188,1,255,175,80,148,145,3,5
Islington 003D,E01002808,857,296,95,201,17,261,171,90,272,259,13,11
Islington 003E,E01002809,700,232,84,148,10,260,90,170,192,188,4,6
Islington 003F,E01002810,748,212,64,148,13,365,246,119,153,144,9,5
Islington 004A,E01002768,851,193,65,128,40,433,109,324,180,169,11,5
Islington 004B,E01002770,718,258,102,156,1,200,150,50,250,240,10,9
Islington 004C,E01002771,659,183,85,98,3,311,120,191,150,148,2,12
Islington 004D,E01002773,696,133,50,83,7,464,412,52,86,82,4,6
Islington 004E,E01002774,1005,240,80,160,6,460,199,261,284,269,15,15
Islington 005A,E01002732,821,114,29,85,11,520,144,376,166,159,7,10
Islington 005B,E01002734,696,44,20,24,2,401,362,39,239,235,4,10
Islington 005C,E01002736,595,70,26,44,1,450,422,28,60,58,2,14
Islington 005D,E01002737,788,143,64,79,1,493,347,146,142,134,8,9
Islington 005E,E01002751,880,142,62,80,8,557,476,81,165,155,10,8
Islington 006A,E01002742,675,340,144,196,1,114,62,52,215,211,4,5
Islington 006B,E01002747,675,297,137,160,3,138,39,99,230,222,8,7
Islington 006C,E01002748,667,159,62,97,9,315,114,201,178,173,5,6
Islington 006D,E01002749,534,190,73,117,2,238,198,40,95,87,8,9
Islington 006F,E01033493,701,140,46,94,49,30,12,18,473,456,17,9
Islington 006G,E01033494,630,314,137,177,2,128,71,57,186,172,14,0
Islington 007A,E01002730,812,225,89,136,7,215,87,128,359,346,13,6
Islington 007B,E01002731,1164,392,134,258,5,244,171,73,503,489,14,20
Islington 007C,E01002733,598,275,107,168,10,97,22,75,203,186,17,13
Islington 007D,E01002763,603,142,59,83,2,256,154,102,192,186,6,11
Islington 008A,E01002769,847,316,126,190,6,279,54,225,237,225,12,9
Islington 008B,E01002785,840,376,181,195,10,212,89,123,235,225,10,7
Islington 008C,E01002788,916,381,137,244,7,222,92,130,290,271,19,16
Islington 008D,E01002789,810,460,203,257,2,137,41,96,204,194,10,7
Islington 009A,E01002738,839,338,165,173,3,289,174,115,195,186,9,14
Islington 009B,E01002741,656,147,55,92,6,376,356,20,120,111,9,7
Islington 009C,E01002743,726,264,104,160,1,250,164,86,206,196,10,5
Islington 009D,E01002744,722,279,93,186,2,255,209,46,171,164,7,15
Islington 009E,E01002752,651,218,71,147,0,311,240,71,115,109,6,7
Islington 010A,E01002764,796,225,94,131,3,363,183,180,187,179,8,18
Islington 010B,E01002783,718,159,50,109,9,386,348,38,152,138,14,12
Islington 010C,E01002784,732,176,60,116,18,377,337,40,156,149,7,5
Islington 010D,E01002786,828,161,49,112,3,418,300,118,229,218,11,17
Islington 010E,E01002787,578,109,34,75,4,311,199,112,147,129,18,7
Islington 011C,E01002762,889,299,107,192,9,246,118,128,326,309,17,9
Islington 011D,E01002767,982,261,97,164,30,491,423,68,178,166,12,22
Islington 011E,E01033486,425,99,28,71,10,213,149,64,97,90,7,6
Islington 011F,E01033487,595,134,40,94,67,116,14,102,276,266,10,2
Islington 011G,E01033488,557,89,20,69,1,321,120,201,135,131,4,11
Islington 011H,E01033491,869,189,72,117,24,248,152,96,391,379,12,17
Islington 011I,E01033492,687,91,29,62,99,174,17,157,321,312,9,2
Islington 012A,E01002777,833,254,69,185,19,331,150,181,211,199,12,18
Islington 012B,E01002778,743,111,30,81,5,483,354,129,136,131,5,8
Islington 012C,E01002779,820,285,95,190,20,253,186,67,258,247,11,4
Islington 012D,E01002781,598,147,44,103,1,339,309,30,104,102,2,7
Islington 012E,E01002782,616,100,29,71,4,411,383,28,86,80,6,15
Islington 013A,E01002739,816,372,168,204,12,219,90,129,206,200,6,7
Islington 013B,E01002740,806,416,221,195,2,126,66,60,255,239,16,7
Islington 013C,E01002745,681,307,126,181,3,200,97,103,162,156,6,9
Islington 013D,E01002795,863,233,91,142,8,321,206,115,287,269,18,14
Islington 013E,E01002796,496,156,69,87,2,195,98,97,139,137,2,4
Islington 014A,E01002716,1079,178,53,125,35,614,434,180,237,222,15,15
Islington 014B,E01002718,799,311,143,168,2,184,79,105,295,287,8,7
Islington 014C,E01002721,839,256,73,183,3,402,357,45,172,163,9,6
Islington 014D,E01002775,683,232,70,162,7,213,174,39,229,221,8,2
Islington 014E,E01002776,774,229,80,149,2,357,269,88,178,172,6,8
Islington 014F,E01002780,763,240,67,173,8,352,260,92,158,148,10,5
Islington 015A,E01002708,917,197,71,126,22,366,272,94,324,314,10,8
Islington 015B,E01002712,535,148,46,102,6,184,80,104,189,174,15,8
Islington 015C,E01002713,820,152,66,86,6,549,426,123,102,86,16,11
Islington 015D,E01002765,980,151,69,82,83,549,197,352,180,163,17,17
Islington 015E,E01002766,811,88,33,55,16,529,140,389,166,145,21,12
Islington 016A,E01002717,590,218,108,110,3,217,205,12,132,115,17,20
Islington 016B,E01002719,737,352,187,165,3,206,128,78,160,148,12,16
Islington 016C,E01002720,993,132,45,87,42,672,529,143,140,133,7,7
Islington 016D,E01002790,706,66,31,35,1,527,142,385,102,92,10,10
Islington 016E,E01002791,762,279,140,139,2,220,176,44,250,231,19,11
Islington 016F,E01002793,957,194,75,119,6,512,350,162,231,220,11,14
Islington 017A,E01002698,1056,410,152,258,1,318,191,127,318,303,15,9
Islington 017B,E01002699,775,284,134,150,3,280,81,199,205,195,10,3
Islington 017C,E01002700,640,392,221,171,0,82,62,20,154,149,5,12
Islington 017D,E01002714,771,323,151,172,2,141,61,80,296,292,4,9
Islington 017E,E01002792,877,306,146,160,3,250,148,102,310,296,14,8
Islington 018A,E01002722,668,139,58,81,4,399,363,36,121,115,6,5
Islington 018B,E01002797,872,177,45,132,28,454,353,101,193,183,10,20
Islington 018C,E01002798,922,454,169,285,2,236,175,61,220,199,21,10
Islington 018D,E01002799,880,175,57,118,3,521,340,181,164,150,14,17
Islington 018E,E01002800,435,55,25,30,3,337,134,203,36,32,4,4
Islington 019A,E01002694,669,77,24,53,17,464,61,403,98,90,8,13
Islington 019B,E01002697,709,90,47,43,3,464,59,405,138,129,9,14
Islington 019C,E01002709,751,111,47,64,19,395,177,218,220,213,7,6
Islington 019D,E01002710,679,148,50,98,10,398,272,126,109,102,7,14
Islington 019E,E01002715,682,87,33,54,12,414,351,63,164,161,3,5
Islington 020A,E01002696,895,338,151,187,24,241,161,80,284,274,10,8
Islington 020B,E01002794,862,260,146,114,0,265,54,211,323,310,13,14
Islington 020C,E01002801,806,330,174,156,1,222,138,84,240,230,10,13
Islington 020D,E01002802,706,303,142,161,1,167,88,79,217,212,5,18
Islington 020E,E01002803,935,349,170,179,3,306,258,48,263,254,9,14
Islington 021A,E01002695,795,166,59,107,21,283,65,218,315,301,14,10
Islington 021B,E01002711,963,217,80,137,33,286,104,182,418,397,21,9
Islington 021C,E01002727,871,260,107,153,2,340,268,72,255,243,12,14
Islington 021D,E01002728,509,112,43,69,8,252,229,23,129,123,6,8
Islington 021E,E01002729,702,249,125,124,4,271,227,44,172,167,5,6
Islington 022B,E01002707,901,184,76,108,2,386,323,63,316,296,20,13
Islington 022C,E01002723,781,171,81,90,4,424,395,29,173,159,14,9
Islington 022D,E01002724,1025,429,195,234,4,213,57,156,357,331,26,22
Islington 022E,E01002725,572,96,28,68,2,386,361,25,82,73,9,6
Islington 022F,E01002726,825,214,93,121,10,351,307,44,233,221,12,17
Islington 022G,E01033489,776,319,129,190,11,81,6,75,357,331,26,8
Islington 022H,E01033490,703,157,67,90,1,219,143,76,312,291,21,14
Islington 023A,E01002701,718,131,57,74,1,458,311,147,124,116,8,4
Islington 023B,E01002702,870,101,42,59,2,527,426,101,218,202,16,22
Islington 023C,E01002703,774,146,61,85,10,438,407,31,173,168,5,7
Islington 023D,E01002704,1035,221,86,135,18,541,225,316,233,213,20,22
Islington 023E,E01002706,925,159,60,99,8,523,249,274,228,211,17,7
Kensington and Chelsea 001A,E01002852,861,95,40,55,40,557,255,302,162,147,15,7
Kensington and Chelsea 001B,E01002853,470,18,5,13,3,380,67,313,63,56,7,6
Kensington and Chelsea 001C,E01002854,488,67,20,47,8,364,337,27,41,39,2,8
Kensington and Chelsea 001D,E01002855,764,110,45,65,8,539,387,152,101,98,3,6
Kensington and Chelsea 001E,E01002857,580,40,17,23,1,504,375,129,29,25,4,6
Kensington and Chelsea 002A,E01002904,524,5,1,4,13,471,31,440,27,15,12,8
Kensington and Chelsea 002B,E01002905,672,111,53,58,19,455,212,243,74,69,5,13
Kensington and Chelsea 002C,E01002906,707,178,75,103,47,351,179,172,118,113,5,13
Kensington and Chelsea 002D,E01002907,551,16,6,10,2,501,47,454,19,18,1,13
Kensington and Chelsea 003A,E01002876,744,337,190,147,4,215,24,191,184,176,8,4
Kensington and Chelsea 003B,E01002877,647,121,68,53,13,443,311,132,58,52,6,12
Kensington and Chelsea 003C,E01002878,868,292,151,141,25,350,95,255,185,178,7,16
Kensington and Chelsea 003D,E01002908,602,241,114,127,17,175,48,127,163,159,4,6
Kensington and Chelsea 003E,E01002909,1152,325,162,163,27,517,44,473,269,252,17,14
Kensington and Chelsea 004A,E01002829,788,156,79,77,7,408,37,371,209,192,17,8
Kensington and Chelsea 004B,E01002830,917,197,98,99,14,527,163,364,170,160,10,9
Kensington and Chelsea 004C,E01002831,961,223,122,101,6,486,156,330,242,231,11,4
Kensington and Chelsea 004D,E01002832,910,203,123,80,12,416,144,272,271,266,5,8
Kensington and Chelsea 004E,E01002856,941,162,84,78,11,438,47,391,320,302,18,10
Kensington and Chelsea 005A,E01002870,693,43,24,19,22,550,292,258,69,61,8,9
Kensington and Chelsea 005B,E01002872,726,117,77,40,1,526,99,427,73,68,5,9
Kensington and Chelsea 005C,E01002879,695,89,41,48,13,421,297,124,159,154,5,13
Kensington and Chelsea 005D,E01002880,653,60,23,37,21,512,431,81,44,40,4,16
Kensington and Chelsea 005E,E01002881,544,104,53,51,3,374,245,129,56,49,7,7
Kensington and Chelsea 006A,E01002882,703,284,198,86,6,207,66,141,182,173,9,24
Kensington and Chelsea 006B,E01002883,802,429,313,116,3,28,1,27,313,263,50,29
Kensington and Chelsea 006C,E01002884,710,193,121,72,27,116,24,92,363,351,12,11
Kensington and Chelsea 006D,E01002885,950,316,186,130,1,73,7,66,545,507,38,15
Kensington and Chelsea 006E,E01002886,781,379,235,144,7,78,13,65,295,278,17,22
Kensington and Chelsea 007A,E01002833,793,311,178,133,3,136,20,116,336,314,22,7
Kensington and Chelsea 007B,E01002871,742,407,288,119,0,48,1,47,265,250,15,22
Kensington and Chelsea 007C,E01002873,632,285,182,103,13,161,9,152,161,156,5,12
Kensington and Chelsea 007D,E01002874,648,231,133,98,3,197,48,149,208,195,13,9
Kensington and Chelsea 007E,E01002875,681,356,260,96,2,106,19,87,196,187,9,21
Kensington and Chelsea 008A,E01002824,684,319,212,107,1,51,36,15,291,270,21,22
Kensington and Chelsea 008B,E01002825,827,427,315,112,1,56,16,40,286,276,10,57
Kensington and Chelsea 008C,E01002826,798,328,223,105,3,29,13,16,387,350,37,51
Kensington and Chelsea 008D,E01002827,903,490,336,154,6,14,2,12,363,347,16,30
Kensington and Chelsea 008E,E01002828,710,306,228,78,3,126,99,27,232,229,3,43
Kensington and Chelsea 009A,E01002864,580,364,263,101,2,26,9,17,158,151,7,30
Kensington and Chelsea 009B,E01002866,848,341,161,180,11,177,55,122,294,273,21,25
Kensington and Chelsea 009C,E01002867,998,332,170,162,17,149,27,122,476,461,15,24
Kensington and Chelsea 009D,E01002868,725,411,308,103,1,22,2,20,256,242,14,35
Kensington and Chelsea 009E,E01002869,768,309,191,118,5,148,32,116,285,277,8,21
Kensington and Chelsea 010A,E01002887,807,305,207,98,5,23,2,21,434,415,19,40
Kensington and Chelsea 010B,E01002889,579,244,170,74,3,18,0,18,286,277,9,28
Kensington and Chelsea 010C,E01002890,705,420,325,95,3,24,4,20,221,203,18,37
Kensington and Chelsea 010D,E01002891,718,254,164,90,6,55,6,49,349,337,12,54
Kensington and Chelsea 010E,E01002892,920,364,220,144,2,28,3,25,475,457,18,51
Kensington and Chelsea 011A,E01002813,835,432,303,129,2,43,12,31,341,325,16,17
Kensington and Chelsea 011B,E01002815,755,321,196,125,3,55,4,51,357,347,10,19
Kensington and Chelsea 011C,E01002816,693,258,183,75,1,7,1,6,406,393,13,21
Kensington and Chelsea 011D,E01002817,709,410,308,102,3,14,2,12,251,240,11,31
Kensington and Chelsea 011E,E01002865,544,274,184,90,3,11,2,9,237,222,15,19
Kensington and Chelsea 012A,E01002818,1170,339,227,112,3,54,0,54,673,646,27,101
Kensington and Chelsea 012B,E01002819,853,303,218,85,4,18,2,16,467,443,24,61
Kensington and Chelsea 012C,E01002859,866,309,205,104,5,48,0,48,437,408,29,67
Kensington and Chelsea 012D,E01002860,777,399,302,97,1,8,0,8,336,329,7,33
Kensington and Chelsea 012E,E01002863,792,297,220,77,5,16,0,16,385,376,9,89
Kensington and Chelsea 013A,E01002812,895,321,225,96,4,57,42,15,483,471,12,30
Kensington and Chelsea 013B,E01002834,718,274,162,112,3,85,8,77,327,304,23,29
Kensington and Chelsea 013C,E01002839,978,279,164,115,4,186,21,165,484,466,18,25
Kensington and Chelsea 013D,E01002850,682,217,118,99,8,88,12,76,357,334,23,12
Kensington and Chelsea 013E,E01002888,1149,438,272,166,6,49,7,42,607,588,19,49
Kensington and Chelsea 014A,E01002821,692,276,190,86,3,65,3,62,316,291,25,32
Kensington and Chelsea 014B,E01002823,701,166,123,43,0,374,86,288,140,135,5,21
Kensington and Chelsea 014C,E01002858,749,228,168,60,3,182,159,23,317,309,8,19
Kensington and Chelsea 014D,E01002861,771,339,272,67,4,136,7,129,263,248,15,29
Kensington and Chelsea 014E,E01002862,977,138,94,44,0,417,90,327,400,373,27,22
Kensington and Chelsea 015A,E01002814,905,247,156,91,31,275,59,216,328,309,19,24
Kensington and Chelsea 015B,E01002847,872,367,193,174,1,84,9,75,400,394,6,20
Kensington and Chelsea 015C,E01002848,894,246,154,92,9,251,33,218,363,351,12,25
Kensington and Chelsea 015D,E01002851,918,152,82,70,9,422,13,409,326,315,11,9
Kensington and Chelsea 016A,E01002820,666,224,146,78,4,26,2,24,393,377,16,19
Kensington and Chelsea 016B,E01002822,621,293,222,71,3,41,1,40,250,207,43,34
Kensington and Chelsea 016C,E01002835,784,358,234,124,0,12,4,8,366,356,10,48
Kensington and Chelsea 016D,E01002836,795,317,203,114,2,60,0,60,401,389,12,15
Kensington and Chelsea 016E,E01002837,717,302,219,83,2,42,4,38,353,344,9,18
Kensington and Chelsea 017A,E01002846,781,190,81,109,14,175,19,156,388,373,15,14
Kensington and Chelsea 017B,E01002849,787,339,168,171,5,102,3,99,329,312,17,12
Kensington and Chelsea 017C,E01002893,987,365,175,190,6,200,86,114,387,363,24,29
Kensington and Chelsea 017D,E01002894,773,321,173,148,9,63,14,49,368,350,18,12
Kensington and Chelsea 017E,E01002898,739,386,237,149,3,84,3,81,240,230,10,26
Kensington and Chelsea 018A,E01002899,768,250,182,68,5,235,107,128,245,224,21,33
Kensington and Chelsea 018B,E01002900,682,413,287,126,2,9,5,4,224,211,13,34
Kensington and Chelsea 018C,E01002901,560,247,160,87,2,119,8,111,167,137,30,25
Kensington and Chelsea 018D,E01002902,1009,357,251,106,4,137,4,133,439,423,16,72
Kensington and Chelsea 018E,E01002903,691,414,308,106,4,5,2,3,254,246,8,14
Kensington and Chelsea 019A,E01002844,745,361,277,84,1,89,7,82,265,250,15,29
Kensington and Chelsea 019B,E01002845,738,293,186,107,5,238,208,30,178,172,6,24
Kensington and Chelsea 019C,E01002910,756,342,252,90,2,174,150,24,216,200,16,22
Kensington and Chelsea 019D,E01002911,767,400,247,153,3,29,23,6,308,293,15,27
Kensington and Chelsea 019E,E01002914,741,367,281,86,2,15,9,6,330,310,20,27
Kensington and Chelsea 020A,E01002838,579,250,177,73,1,31,3,28,265,252,13,32
Kensington and Chelsea 020B,E01002895,610,350,240,110,4,19,10,9,210,200,10,27
Kensington and Chelsea 020C,E01002896,875,455,270,185,5,41,16,25,357,340,17,17
Kensington and Chelsea 020D,E01002897,732,303,175,128,2,82,42,40,335,322,13,10
Kensington and Chelsea 020E,E01002912,809,328,213,115,1,163,87,76,301,288,13,16
Kensington and Chelsea 021A,E01002840,691,218,168,50,4,356,275,81,95,88,7,18
Kensington and Chelsea 021B,E01002841,712,278,129,149,15,210,132,78,202,190,12,7
Kensington and Chelsea 021C,E01002842,514,65,37,28,0,411,376,35,34,34,0,4
Kensington and Chelsea 021D,E01002843,610,93,47,46,2,438,120,318,64,55,9,13
Kensington and Chelsea 021E,E01002913,932,383,211,172,2,144,72,72,380,364,16,23
Lambeth 002A,E01003015,730,129,56,73,4,460,328,132,131,124,7,6
Lambeth 002B,E01003108,755,176,77,99,11,421,375,46,141,131,10,6
Lambeth 002C,E01003110,849,365,142,223,33,249,120,129,184,171,13,18
Lambeth 002D,E01003111,638,99,34,65,3,469,438,31,63,58,5,4
Lambeth 002E,E01003112,771,191,69,122,5,416,323,93,145,133,12,14
Lambeth 003A,E01003101,685,139,41,98,2,316,79,237,220,209,11,8
Lambeth 003B,E01003105,780,163,51,112,60,448,283,165,106,96,10,3
Lambeth 003C,E01003106,911,249,114,135,73,395,258,137,181,164,17,13
Lambeth 003D,E01003107,929,366,132,234,21,247,143,104,281,258,23,14
Lambeth 003E,E01003109,1093,224,82,142,63,526,452,74,270,252,18,10
Lambeth 004A,E01003102,844,222,75,147,21,311,70,241,288,266,22,2
Lambeth 004C,E01003104,777,236,82,154,6,167,98,69,357,344,13,11
Lambeth 004D,E01003122,870,268,86,182,27,305,179,126,254,237,17,16
Lambeth 004E,E01003129,808,217,86,131,8,217,68,149,357,319,38,9
Lambeth 004F,E01033207,766,180,72,108,1,420,137,283,160,151,9,5
Lambeth 004G,E01033208,1018,247,122,125,162,199,24,175,378,353,25,32
Lambeth 005A,E01003098,645,240,117,123,3,233,66,167,163,157,6,6
Lambeth 005B,E01003099,666,170,57,113,3,250,55,195,235,219,16,8
Lambeth 005C,E01003100,878,276,93,183,6,102,56,46,489,470,19,5
Lambeth 005D,E01003180,662,203,61,142,1,314,245,69,139,133,6,5
Lambeth 005E,E01003183,631,125,29,96,8,383,297,86,106,97,9,9
Lambeth 006A,E01003097,724,130,37,93,6,437,320,117,141,135,6,10
Lambeth 006B,E01003121,691,83,23,60,1,516,53,463,85,80,5,6
Lambeth 006C,E01003123,683,305,123,182,3,163,74,89,200,185,15,12
Lambeth 006D,E01003124,619,132,54,78,0,267,199,68,210,201,9,10
Lambeth 006E,E01003125,692,106,37,69,14,468,383,85,100,93,7,4
Lambeth 007A,E01003181,644,141,26,115,3,331,284,47,159,144,15,10
Lambeth 007B,E01003184,586,59,6,53,1,456,279,177,64,58,6,6
Lambeth 007C,E01003185,768,189,47,142,2,333,127,206,240,223,17,4
Lambeth 007D,E01003186,876,264,99,165,15,290,55,235,301,287,14,6
Lambeth 007E,E01003187,626,130,29,101,0,416,348,68,79,73,6,1
Lambeth 008A,E01003089,689,141,43,98,1,380,341,39,161,158,3,6
Lambeth 008B,E01003091,668,178,54,124,6,277,258,19,202,190,12,5
Lambeth 008C,E01003092,717,130,43,87,14,419,364,55,146,139,7,8
Lambeth 008D,E01003126,645,139,34,105,0,308,67,241,192,179,13,6
Lambeth 008E,E01003128,664,105,17,88,28,385,60,325,138,130,8,8
Lambeth 009A,E01003046,743,102,26,76,2,543,375,168,93,81,12,3
Lambeth 009B,E01003048,741,60,15,45,32,559,475,84,82,75,7,8
Lambeth 009C,E01003075,685,102,20,82,1,474,409,65,100,88,12,8
Lambeth 009D,E01003182,720,197,46,151,1,330,287,43,177,166,11,15
Lambeth 009E,E01003188,554,101,17,84,5,374,329,45,69,61,8,5
Lambeth 010A,E01003088,737,190,51,139,10,318,279,39,215,198,17,4
Lambeth 010B,E01003093,949,93,34,59,71,647,84,563,127,115,12,11
Lambeth 010C,E01003094,675,195,90,105,5,280,57,223,187,181,6,8
Lambeth 010D,E01003096,926,283,86,197,15,168,59,109,448,425,23,12
Lambeth 010E,E01003127,755,239,89,150,20,260,65,195,220,211,9,16
Lambeth 011A,E01003045,728,66,14,52,14,566,354,212,73,72,1,9
Lambeth 011B,E01003047,751,122,35,87,0,387,268,119,230,213,17,12
Lambeth 011C,E01003049,668,124,31,93,18,353,299,54,162,154,8,11
Lambeth 011D,E01003059,625,120,20,100,2,380,146,234,115,104,11,8
Lambeth 011E,E01003060,632,97,21,76,4,431,239,192,94,76,18,6
Lambeth 011F,E01003061,568,118,35,83,2,236,41,195,207,175,32,5
Lambeth 012A,E01003034,723,237,76,161,13,239,195,44,223,212,11,11
Lambeth 012B,E01003035,710,194,68,126,4,180,54,126,323,307,16,9
Lambeth 012C,E01003036,737,268,97,171,1,234,178,56,220,213,7,14
Lambeth 012D,E01003090,1043,280,65,215,44,287,146,141,423,407,16,9
Lambeth 012E,E01003095,760,297,98,199,1,193,128,65,265,252,13,4
Lambeth 013A,E01003037,606,121,36,85,6,337,309,28,140,135,5,2
Lambeth 013B,E01003038,689,362,135,227,5,82,53,29,231,220,11,9
Lambeth 013C,E01003039,945,376,152,224,34,98,36,62,421,398,23,16
Lambeth 013D,E01003040,594,271,133,138,1,136,114,22,180,164,16,6
Lambeth 013E,E01003042,502,127,51,76,3,193,148,45,172,160,12,7
Lambeth 014A,E01003072,769,382,173,209,0,154,53,101,223,214,9,10
Lambeth 014B,E01003073,698,206,60,146,2,365,45,320,121,112,9,4
Lambeth 014C,E01003076,836,199,58,141,5,235,27,208,386,360,26,11
Lambeth 014D,E01003077,786,274,78,196,6,191,52,139,308,288,20,7
Lambeth 014E,E01003078,634,419,187,232,1,92,54,38,110,104,6,12
Lambeth 015A,E01003019,914,359,98,261,13,207,75,132,323,308,15,12
Lambeth 015B,E01003053,757,305,111,194,8,127,27,100,314,294,20,3
Lambeth 015C,E01003054,819,254,76,178,12,117,72,45,430,418,12,6
Lambeth 015D,E01003056,838,216,66,150,4,265,100,165,351,338,13,2
Lambeth 015E,E01003058,820,267,83,184,7,191,24,167,347,325,22,8
Lambeth 016A,E01003020,771,281,99,182,8,246,183,63,230,221,9,6
Lambeth 016B,E01003050,773,209,69,140,17,259,171,88,265,250,15,23
Lambeth 016C,E01003052,758,98,25,73,9,535,185,350,107,95,12,9
Lambeth 016D,E01003055,790,224,59,165,18,305,128,177,228,216,12,15
Lambeth 016E,E01003176,780,110,46,64,55,413,264,149,193,179,14,9
Lambeth 017A,E01003029,860,290,116,174,5,237,166,71,317,306,11,11
Lambeth 017B,E01003032,759,202,81,121,4,337,289,48,204,192,12,12
Lambeth 017C,E01003041,678,124,29,95,27,338,241,97,183,173,10,6
Lambeth 017D,E01003057,724,145,44,101,6,409,344,65,162,155,7,2
Lambeth 018A,E01003043,685,241,87,154,16,224,76,148,193,178,15,11
Lambeth 018B,E01003044,606,36,10,26,5,492,49,443,58,48,10,15
Lambeth 018C,E01003051,675,87,27,60,15,296,94,202,273,261,12,4
Lambeth 018D,E01003071,1004,381,129,252,37,227,87,140,353,343,10,6
Lambeth 018E,E01003074,1096,457,153,304,8,334,230,104,284,271,13,13
Lambeth 019A,E01003026,656,323,130,193,0,79,23,56,250,242,8,4
Lambeth 019B,E01003027,480,352,143,209,2,21,6,15,102,99,3,3
Lambeth 019C,E01003028,563,260,120,140,0,143,126,17,158,149,9,2
Lambeth 019D,E01003030,783,356,128,228,12,64,45,19,349,339,10,2
Lambeth 019E,E01003033,594,321,134,187,4,119,87,32,145,135,10,5
Lambeth 020A,E01003018,999,340,114,226,11,145,67,78,498,481,17,5
Lambeth 020B,E01003171,827,320,97,223,3,238,105,133,262,248,14,4
Lambeth 020C,E01003173,694,399,162,237,8,66,8,58,211,205,6,10
Lambeth 020D,E01003177,703,211,71,140,5,237,122,115,236,214,22,14
Lambeth 020E,E01003178,712,299,104,195,6,154,23,131,249,237,12,4
Lambeth 021A,E01003021,663,153,53,100,6,366,287,79,131,123,8,7
Lambeth 021B,E01003022,770,307,99,208,6,245,147,98,211,198,13,1
Lambeth 021C,E01003023,1063,334,86,248,71,244,138,106,396,371,25,18
Lambeth 021D,E01003024,766,154,32,122,3,426,388,38,178,166,12,5
Lambeth 021E,E01003025,842,301,93,208,29,307,158,149,200,191,9,5
Lambeth 022A,E01003136,735,256,82,174,6,181,41,140,284,276,8,8
Lambeth 022B,E01003137,676,171,50,121,12,265,195,70,218,207,11,10
Lambeth 022C,E01003159,599,131,59,72,0,336,73,263,127,108,19,5
Lambeth 022D,E01003160,558,62,19,43,3,417,207,210,69,62,7,7
Lambeth 022E,E01003162,830,137,47,90,7,532,136,396,146,134,12,8
Lambeth 023A,E01003031,720,204,52,152,2,282,268,14,229,220,9,3
Lambeth 023B,E01003156,665,288,96,192,2,214,86,128,150,141,9,11
Lambeth 023C,E01003157,577,359,132,227,4,95,9,86,114,106,8,5
Lambeth 023D,E01003158,737,412,107,305,6,109,26,83,203,192,11,7
Lambeth 023E,E01003161,498,198,77,121,2,151,63,88,144,137,7,3
Lambeth 023F,E01003163,588,345,157,188,0,121,70,51,118,111,7,4
Lambeth 024A,E01003132,536,168,56,112,8,263,234,29,89,84,5,8
Lambeth 024B,E01003172,815,224,52,172,18,407,316,91,154,146,8,12
Lambeth 024C,E01003174,829,130,33,97,5,503,69,434,186,176,10,5
Lambeth 024D,E01003175,608,147,42,105,20,359,50,309,80,77,3,2
Lambeth 024E,E01003179,654,97,24,73,1,481,424,57,73,71,2,2
Lambeth 025A,E01003164,935,262,78,184,14,255,79,176,400,392,8,4
Lambeth 025B,E01003165,712,340,143,197,7,204,137,67,149,142,7,12
Lambeth 025C,E01003168,647,68,20,48,1,475,67,408,97,93,4,6
Lambeth 025D,E01003169,1071,446,128,318,16,316,105,211,291,266,25,2
Lambeth 025E,E01003170,797,535,252,283,9,92,52,40,154,144,10,7
Lambeth 026A,E01003130,739,367,139,228,13,58,43,15,293,284,9,8
Lambeth 026B,E01003131,617,299,106,193,0,92,24,68,220,206,14,6
Lambeth 026C,E01003135,724,258,62,196,1,289,280,9,173,163,10,3
Lambeth 026D,E01003138,689,367,121,246,5,61,16,45,253,238,15,3
Lambeth 026E,E01003151,820,165,42,123,19,425,311,114,200,192,8,11
Lambeth 027A,E01003079,757,258,72,186,5,279,133,146,204,190,14,11
Lambeth 027B,E01003080,663,362,105,257,1,81,33,48,213,207,6,6
Lambeth 027C,E01003133,765,292,85,207,0,172,55,117,290,283,7,11
Lambeth 027D,E01003134,619,327,114,213,7,137,129,8,141,127,14,7
Lambeth 027E,E01003152,761,388,157,231,13,56,16,40,296,285,11,8
Lambeth 028A,E01003064,660,360,87,273,4,61,26,35,232,219,13,3
Lambeth 028B,E01003066,741,244,62,182,2,289,226,63,194,185,9,12
Lambeth 028C,E01003081,768,242,76,166,7,194,90,104,318,303,15,7
Lambeth 028D,E01003166,1020,353,102,251,16,169,42,127,477,456,21,5
Lambeth 028E,E01003167,681,447,183,264,2,75,28,47,150,140,10,7
Lambeth 029A,E01003116,634,361,163,198,1,114,31,83,152,143,9,6
Lambeth 029B,E01003117,841,312,120,192,3,154,89,65,362,346,16,10
Lambeth 029C,E01003118,688,310,124,186,1,91,47,44,278,270,8,8
Lambeth 029D,E01003153,929,330,90,240,3,60,12,48,528,505,23,8
Lambeth 029E,E01003155,750,397,151,246,5,73,33,40,267,260,7,8
Lambeth 030A,E01003083,594,354,132,222,1,103,71,32,127,123,4,9
Lambeth 030B,E01003084,673,357,102,255,9,92,26,66,213,202,11,2
Lambeth 030C,E01003085,697,441,179,262,5,139,102,37,108,107,1,4
Lambeth 030D,E01003149,694,424,166,258,11,40,20,20,212,208,4,7
Lambeth 030E,E01003154,786,267,96,171,38,290,217,73,177,170,7,14
Lambeth 031A,E01003065,666,165,49,116,38,390,273,117,71,63,8,2
Lambeth 031B,E01003068,657,277,81,196,2,237,187,50,135,127,8,6
Lambeth 031C,E01003082,651,239,76,163,4,285,234,51,118,104,14,5
Lambeth 031D,E01003086,647,204,55,149,17,334,219,115,86,79,7,6
Lambeth 031E,E01003087,611,140,39,101,2,346,299,47,117,113,4,6
Lambeth 032A,E01003113,817,320,93,227,14,123,48,75,355,342,13,5
Lambeth 032B,E01003114,765,333,103,230,8,70,24,46,342,331,11,12
Lambeth 032C,E01003119,813,322,97,225,12,65,37,28,411,398,13,3
Lambeth 032D,E01003120,961,238,51,187,1,116,77,39,599,593,6,7
Lambeth 032E,E01003148,762,390,102,288,2,112,59,53,248,242,6,10
Lambeth 032F,E01003150,769,239,79,160,10,246,173,73,268,259,9,6
Lambeth 033A,E01003062,795,276,64,212,6,218,87,131,279,269,10,16
Lambeth 033B,E01003063,664,204,48,156,6,340,276,64,111,101,10,3
Lambeth 033C,E01003067,599,296,93,203,2,105,79,26,189,180,9,7
Lambeth 033D,E01003069,520,240,77,163,4,171,136,35,104,98,6,1
Lambeth 033E,E01003070,655,151,28,123,4,372,308,64,120,109,11,8
Lambeth 034A,E01003115,669,261,80,181,4,133,72,61,267,259,8,4
Lambeth 034B,E01003141,723,337,146,191,40,165,69,96,176,171,5,5
Lambeth 034C,E01003144,520,405,188,217,1,26,13,13,86,82,4,2
Lambeth 034D,E01003145,783,261,77,184,12,100,37,63,399,394,5,11
Lambeth 034E,E01003147,797,366,127,239,0,150,103,47,271,268,3,10
Lambeth 035A,E01003139,542,323,145,178,20,30,14,16,165,152,13,4
Lambeth 035B,E01003140,492,328,154,174,10,36,19,17,115,108,7,3
Lambeth 035C,E01003142,453,302,159,143,4,36,23,13,103,95,8,8
Lambeth 035D,E01003143,516,248,102,146,2,175,35,140,88,84,4,3
Lambeth 035E,E01003146,524,270,108,162,4,109,21,88,137,134,3,4
Lambeth 036A,E01003013,854,208,115,93,11,84,26,58,509,407,102,42
Lambeth 036B,E01003014,678,199,95,104,1,313,181,132,153,130,23,12
Lambeth 036C,E01003016,526,129,69,60,7,159,29,130,226,211,15,5
Lambeth 036D,E01003017,862,140,72,68,4,516,57,459,188,175,13,14
Lambeth 036E,E01032582,920,157,43,114,37,376,275,101,342,321,21,8
Lewisham 001A,E01003244,618,50,17,33,1,488,440,48,77,74,3,2
Lewisham 001B,E01003245,584,48,11,37,58,425,81,344,44,41,3,9
Lewisham 001C,E01003247,685,227,71,156,3,145,61,84,301,292,9,9
Lewisham 001D,E01003249,897,150,37,113,87,421,155,266,226,217,9,13
Lewisham 001E,E01003250,763,155,38,117,19,402,325,77,179,171,8,8
Lewisham 002A,E01003246,559,114,18,96,1,313,210,103,125,119,6,6
Lewisham 002B,E01003248,718,133,35,98,40,361,210,151,175,168,7,9
Lewisham 002C,E01003251,777,62,17,45,22,547,420,127,133,127,6,13
Lewisham 002D,E01003252,613,77,28,49,2,493,431,62,39,38,1,2
Lewisham 002E,E01003253,669,132,43,89,9,348,275,73,171,161,10,9
Lewisham 003A,E01003297,767,216,34,182,0,124,94,30,422,416,6,5
Lewisham 003B,E01003299,609,170,41,129,7,246,185,61,182,170,12,4
Lewisham 003C,E01003301,767,257,46,211,29,174,88,86,305,297,8,2
Lewisham 003D,E01003302,710,203,51,152,25,333,259,74,144,134,10,5
Lewisham 003E,E01003305,513,141,55,86,11,267,207,60,87,77,10,7
Lewisham 005A,E01003207,615,68,24,44,3,365,180,185,175,172,3,4
Lewisham 005B,E01003209,778,187,51,136,32,348,243,105,201,192,9,10
Lewisham 005C,E01003210,850,268,79,189,4,210,76,134,357,344,13,11
Lewisham 005D,E01003212,867,394,154,240,11,200,86,114,256,235,21,6
Lewisham 005E,E01003215,666,152,71,81,3,182,66,116,321,306,15,8
Lewisham 006A,E01003338,771,90,22,68,27,485,261,224,158,146,12,11
Lewisham 006B,E01003339,763,214,74,140,7,292,218,74,236,232,4,14
Lewisham 006C,E01003340,797,275,86,189,2,128,61,67,384,377,7,8
Lewisham 006D,E01003341,581,275,123,152,3,135,46,89,165,156,9,3
Lewisham 006E,E01003343,626,274,106,168,1,175,117,58,167,158,9,9
Lewisham 007A,E01003199,801,413,157,256,2,130,93,37,246,233,13,10
Lewisham 007B,E01003201,680,235,82,153,5,316,153,163,120,114,6,4
Lewisham 007C,E01003204,603,244,89,155,2,211,195,16,140,131,9,6
Lewisham 007D,E01003205,502,75,27,48,0,383,362,21,39,32,7,5
Lewisham 007E,E01003206,698,347,151,196,1,154,115,39,192,186,6,4
Lewisham 008B,E01003211,753,279,77,202,10,190,103,87,267,248,19,7
Lewisham 008C,E01003213,813,321,92,229,6,171,92,79,303,287,16,12
Lewisham 008D,E01003214,745,217,65,152,25,283,196,87,208,190,18,12
Lewisham 008E,E01033324,642,230,83,147,3,277,199,78,124,101,23,8
Lewisham 008F,E01033325,706,226,55,171,22,11,9,2,445,431,14,2
Lewisham 009A,E01003198,639,344,141,203,1,180,152,28,114,104,10,0
Lewisham 009B,E01003200,756,360,184,176,1,95,68,27,289,282,7,11
Lewisham 009C,E01003202,764,468,255,213,1,40,27,13,253,247,6,2
Lewisham 009D,E01003203,980,288,82,206,3,341,218,123,340,330,10,8
Lewisham 010A,E01003336,577,113,29,84,12,359,318,41,88,75,13,5
Lewisham 010B,E01003337,600,86,19,67,38,424,328,96,49,47,2,3
Lewisham 010C,E01003342,702,294,83,211,7,114,67,47,278,271,7,9
Lewisham 010D,E01003344,719,269,79,190,3,231,120,111,210,169,41,6
Lewisham 010E,E01003345,719,279,75,204,8,165,97,68,264,254,10,3
Lewisham 011A,E01003273,666,356,138,218,2,203,83,120,105,88,17,0
Lewisham 011B,E01003277,778,324,97,227,5,215,78,137,228,210,18,6
Lewisham 011C,E01003278,805,353,125,228,2,181,57,124,265,245,20,4
Lewisham 011D,E01003279,654,397,149,248,1,112,69,43,133,116,17,11
Lewisham 012A,E01003288,794,206,79,127,18,374,234,140,180,175,5,16
Lewisham 012C,E01003290,725,187,52,135,23,241,111,130,273,259,14,1
Lewisham 012D,E01003291,682,123,32,91,7,436,208,228,112,106,6,4
Lewisham 012E,E01003296,1021,293,102,191,76,219,47,172,428,415,13,5
Lewisham 012F,E01033327,679,250,111,139,37,83,32,51,304,298,6,5
Lewisham 012G,E01033341,551,149,47,102,10,194,96,98,178,174,4,20
Lewisham 013A,E01003282,1047,471,149,322,13,211,84,127,345,327,18,7
Lewisham 013B,E01003283,923,559,220,339,8,95,40,55,257,241,16,4
Lewisham 013C,E01003284,748,424,150,274,5,143,93,50,171,164,7,5
Lewisham 013D,E01003286,786,218,85,133,15,421,168,253,124,120,4,8
Lewisham 014A,E01003272,798,346,119,227,4,157,58,99,287,275,12,4
Lewisham 014B,E01003274,721,372,128,244,4,108,38,70,231,218,13,6
Lewisham 014C,E01003275,640,289,90,199,6,229,103,126,96,92,4,20
Lewisham 014D,E01003276,700,402,146,256,1,157,85,72,106,92,14,34
Lewisham 015A,E01003225,590,453,157,296,18,35,11,24,77,70,7,7
Lewisham 015B,E01003231,687,305,114,191,3,130,55,75,244,236,8,5
Lewisham 015C,E01003232,649,421,179,242,17,84,7,77,125,116,9,2
Lewisham 015D,E01003233,669,425,144,281,1,78,41,37,160,152,8,5
Lewisham 016A,E01003280,651,322,135,187,3,207,50,157,111,107,4,8
Lewisham 016B,E01003281,601,419,179,240,2,98,36,62,78,70,8,4
Lewisham 016C,E01003285,767,459,232,227,12,57,25,32,233,213,20,6
Lewisham 016D,E01003287,797,521,211,310,2,110,65,45,161,155,6,3
Lewisham 017A,E01003292,702,382,107,275,4,65,22,43,245,228,17,6
Lewisham 017B,E01003293,676,281,78,203,3,144,20,124,243,233,10,5
Lewisham 017D,E01003295,653,306,81,225,8,129,64,65,206,200,6,4
Lewisham 017E,E01033320,645,319,111,208,7,131,33,98,184,179,5,4
Lewisham 017F,E01033322,594,214,44,170,25,100,9,91,249,242,7,6
Lewisham 018A,E01003319,752,336,149,187,1,186,21,165,222,214,8,7
Lewisham 018B,E01003320,650,251,91,160,0,234,54,180,154,148,6,11
Lewisham 018C,E01003323,624,305,97,208,2,144,26,118,168,161,7,5
Lewisham 018D,E01003325,722,286,83,203,4,207,69,138,218,215,3,7
Lewisham 019A,E01003226,709,407,144,263,5,48,9,39,241,227,14,8
Lewisham 019B,E01003227,678,425,148,277,23,84,30,54,140,139,1,6
Lewisham 019C,E01003228,673,393,115,278,6,72,10,62,199,188,11,3
Lewisham 019D,E01003229,742,246,76,170,17,256,81,175,210,195,15,13
Lewisham 019E,E01003230,866,371,113,258,2,268,153,115,219,210,9,6
Lewisham 020A,E01003317,688,381,151,230,1,88,39,49,210,195,15,8
Lewisham 020B,E01003318,705,207,61,146,3,146,70,76,342,331,11,7
Lewisham 020C,E01003321,810,324,95,229,7,220,16,204,257,244,13,2
Lewisham 020D,E01003322,593,309,121,188,1,108,23,85,171,157,14,4
Lewisham 020E,E01003324,713,196,74,122,6,350,277,73,151,142,9,10
Lewisham 021A,E01003254,602,418,192,226,0,80,21,59,97,94,3,7
Lewisham 021B,E01003255,964,406,126,280,11,135,22,113,406,385,21,6
Lewisham 021C,E01003260,681,366,154,212,6,127,101,26,175,171,4,7
Lewisham 021D,E01003261,619,358,130,228,0,161,93,68,93,89,4,7
Lewisham 021E,E01003262,624,301,102,199,0,152,76,76,168,156,12,3
Lewisham 022A,E01003217,622,477,158,319,5,42,6,36,97,90,7,1
Lewisham 022B,E01003218,539,394,142,252,7,65,15,50,69,63,6,4
Lewisham 022C,E01003220,604,336,109,227,4,109,24,85,149,139,10,6
Lewisham 022D,E01003222,629,408,144,264,0,92,31,61,118,106,12,11
Lewisham 022E,E01003224,626,416,124,292,3,70,26,44,129,115,14,8
Lewisham 023A,E01003263,739,328,119,209,1,241,37,204,163,159,4,6
Lewisham 023B,E01003268,718,393,134,259,5,151,27,124,160,149,11,9
Lewisham 023C,E01003269,647,345,136,209,5,193,34,159,97,92,5,7
Lewisham 023D,E01003270,678,509,186,323,9,29,8,21,120,114,6,11
Lewisham 023E,E01003271,637,546,260,286,1,25,2,23,62,56,6,3
Lewisham 024A,E01003307,627,354,124,230,7,130,48,82,128,119,9,8
Lewisham 024B,E01003308,734,361,104,257,2,191,49,142,178,170,8,2
Lewisham 024C,E01003314,683,388,107,281,6,119,38,81,161,150,11,9
Lewisham 024D,E01003315,599,227,57,170,0,149,59,90,218,208,10,5
Lewisham 024E,E01003316,609,379,137,242,5,92,17,75,129,118,11,4
Lewisham 025A,E01003216,689,392,103,289,2,104,30,74,185,182,3,6
Lewisham 025B,E01003219,631,462,177,285,6,57,12,45,98,95,3,8
Lewisham 025C,E01003221,769,407,143,264,9,152,48,104,191,182,9,10
Lewisham 025D,E01003223,603,465,201,264,1,27,12,15,103,98,5,7
Lewisham 026A,E01003346,598,314,110,204,5,203,65,138,71,64,7,5
Lewisham 026B,E01003349,541,192,65,127,1,273,77,196,72,68,4,3
Lewisham 026C,E01003351,592,254,73,181,4,241,63,178,85,77,8,8
Lewisham 026D,E01003354,701,471,134,337,1,44,15,29,179,169,10,6
Lewisham 027A,E01003309,645,224,85,139,4,314,272,42,96,89,7,7
Lewisham 027B,E01003310,756,201,56,145,64,282,171,111,197,190,7,12
Lewisham 027C,E01003311,605,440,208,232,0,66,28,38,96,87,9,3
Lewisham 027D,E01003312,779,434,151,283,7,120,39,81,212,204,8,6
Lewisham 027E,E01003313,670,217,58,159,1,317,274,43,128,123,5,7
Lewisham 028A,E01003256,931,348,155,193,16,350,138,212,212,201,11,5
Lewisham 028B,E01003257,735,355,136,219,1,256,175,81,113,101,12,10
Lewisham 028C,E01003258,594,166,50,116,3,332,109,223,88,79,9,5
Lewisham 028D,E01003259,756,366,123,243,9,122,57,65,239,221,18,20
Lewisham 029A,E01003193,666,368,147,221,17,203,163,40,72,69,3,6
Lewisham 029B,E01003194,716,275,102,173,5,292,141,151,143,135,8,1
Lewisham 029C,E01003195,637,422,138,284,9,76,53,23,125,118,7,5
Lewisham 029D,E01003196,624,246,73,173,0,293,93,200,79,71,8,6
Lewisham 029E,E01003197,625,230,55,175,6,312,85,227,73,64,9,4
Lewisham 030A,E01003347,638,121,33,88,0,418,162,256,93,88,5,6
Lewisham 030B,E01003348,571,357,169,188,3,138,34,104,69,60,9,4
Lewisham 030C,E01003350,519,233,78,155,0,228,126,102,52,47,5,6
Lewisham 030D,E01003352,735,332,178,154,5,308,72,236,78,74,4,12
Lewisham 030E,E01003353,632,449,185,264,11,53,15,38,112,103,9,7
Lewisham 031A,E01003264,728,374,178,196,18,201,33,168,128,118,10,7
Lewisham 031B,E01003265,680,232,50,182,16,179,37,142,250,239,11,3
Lewisham 031C,E01003266,757,277,116,161,2,402,82,320,71,68,3,5
Lewisham 031D,E01003267,598,303,108,195,9,229,62,167,53,49,4,4
Lewisham 033A,E01003329,666,350,104,246,0,175,58,117,134,123,11,7
Lewisham 033B,E01003330,662,169,85,84,6,402,196,206,75,73,2,10
Lewisham 033C,E01003331,572,296,145,151,1,194,134,60,73,65,8,8
Lewisham 033D,E01003332,679,299,76,223,2,240,139,101,129,125,4,9
Lewisham 033E,E01003334,778,260,74,186,5,267,157,110,238,222,16,8
Lewisham 034A,E01003189,624,212,55,157,2,343,115,228,60,52,8,7
Lewisham 034B,E01003190,809,233,79,154,2,444,337,107,123,116,7,7
Lewisham 034C,E01003191,665,268,98,170,20,277,55,222,96,85,11,4
Lewisham 034D,E01003192,741,196,58,138,12,449,167,282,77,68,9,7
Lewisham 035A,E01003326,638,312,124,188,12,167,87,80,143,136,7,4
Lewisham 035B,E01003327,714,370,142,228,1,135,52,83,200,183,17,8
Lewisham 035C,E01003328,833,364,119,245,4,263,185,78,196,191,5,6
Lewisham 035D,E01003333,657,306,93,213,4,179,75,104,163,155,8,5
Lewisham 035E,E01003335,594,189,76,113,2,338,265,73,61,61,0,4
Lewisham 037A,E01003236,648,260,83,177,2,276,89,187,108,102,6,2
Lewisham 037B,E01003237,608,252,80,172,6,246,72,174,100,90,10,4
Lewisham 037C,E01003238,565,253,80,173,13,222,98,124,75,66,9,2
Lewisham 037D,E01003239,564,245,69,176,0,257,83,174,56,52,4,6
Lewisham 037E,E01032564,508,230,70,160,5,215,70,145,55,50,5,3
Lewisham 038A,E01003235,523,316,124,192,0,151,41,110,50,45,5,6
Lewisham 038B,E01003240,725,329,99,230,10,277,98,179,100,92,8,9
Lewisham 038C,E01003241,695,319,135,184,1,298,87,211,69,63,6,8
Lewisham 038D,E01003243,581,231,84,147,9,211,64,147,116,99,17,14
Lewisham 038E,E01032565,644,244,71,173,4,323,81,242,64,53,11,9
Lewisham 039A,E01003298,475,101,24,77,7,270,200,70,89,83,6,8
Lewisham 039B,E01003300,561,113,36,77,2,358,245,113,79,73,6,9
Lewisham 039C,E01003303,560,152,53,99,1,213,181,32,190,180,10,4
Lewisham 039D,E01003304,903,191,41,150,3,318,186,132,376,362,14,15
Lewisham 039E,E01032579,711,128,47,81,11,359,283,76,201,190,11,12
Newham 001A,E01003543,850,314,135,179,38,239,58,181,253,248,5,6
Newham 001B,E01003544,664,244,104,140,24,128,35,93,257,248,9,11
Newham 001C,E01003546,588,195,65,130,7,218,151,67,161,152,9,7
Newham 001D,E01003550,631,246,95,151,0,182,129,53,195,185,10,8
Newham 002A,E01003576,710,134,45,89,2,345,293,52,218,214,4,11
Newham 002B,E01003581,486,218,93,125,3,55,24,31,203,195,8,7
Newham 002C,E01003582,499,177,67,110,0,150,121,29,166,160,6,6
Newham 002D,E01003583,539,232,100,132,5,62,44,18,229,222,7,11
Newham 003A,E01003578,601,151,59,92,6,104,45,59,326,314,12,14
Newham 003B,E01003584,638,326,128,198,20,97,43,54,186,181,5,9
Newham 003C,E01003586,509,226,91,135,3,55,17,38,220,208,12,5
Newham 003D,E01003590,572,135,53,82,10,299,153,146,122,117,5,6
Newham 004A,E01003579,499,204,89,115,9,95,73,22,179,173,6,12
Newham 004B,E01003585,407,220,104,116,3,34,18,16,147,140,7,3
Newham 004C,E01003587,823,237,72,165,19,236,90,146,318,306,12,13
Newham 004D,E01003591,671,181,69,112,6,203,168,35,277,262,15,4
Newham 005A,E01003528,431,117,48,69,0,243,229,14,65,62,3,6
Newham 005B,E01003575,491,237,91,146,2,94,70,24,153,149,4,5
Newham 005C,E01003577,673,104,25,79,15,445,395,50,97,95,2,12
Newham 005D,E01003580,615,225,76,149,5,188,132,56,188,180,8,9
Newham 006A,E01003545,644,165,72,93,20,276,84,192,178,173,5,5
Newham 006B,E01003548,852,269,93,176,7,208,101,107,355,351,4,13
Newham 006C,E01003549,790,211,96,115,36,275,201,74,262,252,10,6
Newham 006D,E01003557,651,169,72,97,2,163,42,121,309,298,11,8
Newham 007A,E01003547,699,390,148,242,2,129,26,103,170,157,13,8
Newham 007B,E01003555,500,247,117,130,1,76,30,46,170,165,5,6
Newham 007C,E01003561,481,237,109,128,1,43,18,25,198,188,10,2
Newham 007D,E01003567,540,183,97,86,17,91,50,41,238,223,15,11
Newham 008A,E01003556,629,134,47,87,11,258,160,98,219,202,17,7
Newham 008B,E01003558,491,161,80,81,5,78,28,50,240,231,9,7
Newham 008C,E01003570,585,238,101,137,2,85,29,56,249,242,7,11
Newham 008D,E01003571,586,258,135,123,4,52,17,35,260,247,13,12
Newham 008E,E01003572,446,209,118,91,5,58,17,41,171,161,10,3
Newham 009A,E01003551,586,178,72,106,15,130,24,106,259,256,3,4
Newham 009B,E01003553,733,141,49,92,7,325,256,69,251,243,8,9
Newham 009C,E01003554,623,233,115,118,3,133,39,94,246,232,14,8
Newham 009D,E01003559,1001,247,95,152,81,236,63,173,433,421,12,4
Newham 010A,E01003529,597,299,160,139,4,47,22,25,238,224,14,9
Newham 010B,E01003530,468,263,135,128,2,40,18,22,159,154,5,4
Newham 010C,E01003531,516,200,111,89,3,113,83,30,192,178,14,8
Newham 010D,E01003532,513,279,171,108,3,55,35,20,174,164,10,2
Newham 010E,E01003534,643,301,127,174,2,52,22,30,276,262,14,12
Newham 011A,E01003533,482,233,109,124,2,93,57,36,141,137,4,13
Newham 011B,E01003560,448,252,123,129,4,32,20,12,156,145,11,4
Newham 011C,E01003563,538,246,96,150,6,42,20,22,239,225,14,5
Newham 011D,E01003588,454,215,100,115,2,66,33,33,169,164,5,2
Newham 011E,E01003589,512,234,103,131,5,40,28,12,227,217,10,6
Newham 012A,E01003616,658,153,47,106,12,226,135,91,257,247,10,10
Newham 012B,E01003617,1103,187,50,137,49,407,297,110,448,433,15,12
Newham 012C,E01003618,823,255,113,142,5,156,47,109,394,381,13,13
Newham 012D,E01003619,1087,135,47,88,146,418,119,299,376,361,15,12
Newham 013C,E01003615,643,181,78,103,2,212,192,20,240,233,7,8
Newham 013E,E01033578,603,62,13,49,26,148,104,44,363,356,7,4
Newham 013F,E01033579,618,84,21,63,36,129,47,82,366,355,11,3
Newham 013G,E01033583,1205,258,92,166,68,369,274,95,501,493,8,9
Newham 013H,E01033586,597,136,39,97,15,270,170,100,170,163,7,6
Newham 014A,E01003562,576,279,150,129,3,46,18,28,243,229,14,5
Newham 014B,E01003564,672,288,128,160,3,84,19,65,288,273,15,9
Newham 014C,E01003565,496,189,94,95,6,62,24,38,232,222,10,7
Newham 014D,E01003566,507,152,83,69,4,144,130,14,203,197,6,4
Newham 015A,E01003625,484,191,64,127,8,89,41,48,190,180,10,6
Newham 015B,E01003626,420,213,87,126,0,18,10,8,183,170,13,6
Newham 015C,E01003627,432,218,114,104,2,46,32,14,162,154,8,4
Newham 015D,E01003628,420,241,97,144,4,25,9,16,146,142,4,4
Newham 015E,E01003629,481,202,92,110,2,32,18,14,237,222,15,8
Newham 016A,E01003552,544,194,85,109,13,122,15,107,203,190,13,12
Newham 016B,E01003596,577,210,93,117,5,152,46,106,205,191,14,5
Newham 016C,E01003597,475,200,93,107,11,87,14,73,173,164,9,4
Newham 016D,E01003635,611,275,150,125,2,112,46,66,213,197,16,9
Newham 017A,E01003568,594,301,171,130,3,84,33,51,202,188,14,4
Newham 017B,E01003569,509,195,100,95,1,51,12,39,257,241,16,5
Newham 017C,E01003573,542,272,138,134,1,57,12,45,205,193,12,7
Newham 017D,E01003574,798,305,154,151,5,161,26,135,314,305,9,13
Newham 018A,E01003520,583,192,91,101,2,115,45,70,265,257,8,9
Newham 018B,E01003521,623,214,91,123,3,54,21,33,346,322,24,6
Newham 018C,E01003522,550,239,100,139,1,74,58,16,229,218,11,7
Newham 018D,E01003525,519,218,103,115,1,54,41,13,238,227,11,8
Newham 018E,E01003526,550,278,117,161,0,90,35,55,175,169,6,7
Newham 019A,E01003488,669,113,49,64,3,438,286,152,99,96,3,16
Newham 019B,E01003489,520,106,42,64,9,255,178,77,143,134,9,7
Newham 019C,E01003490,539,208,73,135,10,115,78,37,199,197,2,7
Newham 019D,E01003524,598,225,118,107,6,97,64,33,265,256,9,5
Newham 020A,E01003631,727,197,53,144,4,243,169,74,278,271,7,5
Newham 020B,E01003632,749,333,120,213,13,145,75,70,248,239,9,10
Newham 020C,E01003633,685,96,23,73,0,499,486,13,77,76,1,13
Newham 020D,E01003634,602,135,34,101,7,334,317,17,121,113,8,5
Newham 020E,E01003636,702,147,50,97,17,347,246,101,183,176,7,8
Newham 021A,E01003598,658,92,38,54,58,402,268,134,98,93,5,8
Newham 021B,E01003600,690,148,56,92,3,397,309,88,126,116,10,16
Newham 021C,E01003630,731,130,49,81,18,381,209,172,185,180,5,17
Newham 021D,E01003637,593,217,107,110,9,147,78,69,212,198,14,8
Newham 022A,E01003491,637,187,90,97,5,194,100,94,240,231,9,11
Newham 022B,E01003592,555,238,101,137,4,150,87,63,156,149,7,7
Newham 022C,E01003599,488,148,71,77,4,193,149,44,137,130,7,6
Newham 022D,E01003606,675,293,109,184,10,128,62,66,236,231,5,8
Newham 023A,E01003535,548,146,27,119,5,303,271,32,88,84,4,6
Newham 023B,E01003536,598,282,93,189,5,120,60,60,182,174,8,9
Newham 023C,E01003621,442,212,76,136,5,57,34,23,165,157,8,3
Newham 023D,E01003622,496,173,60,113,1,149,129,20,169,158,11,4
Newham 023E,E01003623,490,183,52,131,3,151,138,13,146,136,10,7
Newham 024A,E01003523,669,274,113,161,5,196,134,62,190,182,8,4
Newham 024B,E01003527,570,361,128,233,2,54,40,14,144,139,5,9
Newham 024C,E01003537,668,371,122,249,5,100,82,18,183,174,9,9
Newham 024D,E01003542,668,207,81,126,4,311,287,24,140,131,9,6
Newham 024E,E01003624,493,207,80,127,5,169,131,38,107,102,5,5
Newham 025A,E01003492,536,282,118,164,3,43,19,24,200,192,8,8
Newham 025B,E01003493,732,295,133,162,8,138,102,36,281,269,12,10
Newham 025C,E01003494,645,386,130,256,4,52,16,36,197,182,15,6
Newham 025D,E01003495,650,443,136,307,5,38,11,27,162,152,10,2
Newham 026A,E01003594,540,176,53,123,35,171,108,63,152,143,9,6
Newham 026B,E01003595,581,130,51,79,5,297,174,123,143,137,6,6
Newham 026C,E01003602,605,262,99,163,2,127,88,39,202,192,10,12
Newham 026D,E01003607,560,156,60,96,22,206,82,124,173,161,12,3
Newham 027A,E01003496,591,98,24,74,1,313,162,151,170,156,14,9
Newham 027B,E01003498,674,151,45,106,3,327,231,96,185,175,10,8
Newham 027C,E01003500,732,199,52,147,3,364,188,176,162,151,11,4
Newham 027D,E01003593,559,134,49,85,12,285,181,104,120,112,8,8
Newham 028A,E01003601,705,259,92,167,10,265,208,57,164,160,4,7
Newham 028B,E01003603,624,346,116,230,5,75,29,46,194,188,6,4
Newham 028C,E01003605,724,277,113,164,6,209,148,61,227,217,10,5
Newham 028D,E01003608,714,391,127,264,10,76,29,47,231,225,6,6
Newham 029A,E01003538,652,239,79,160,2,213,163,50,195,187,8,3
Newham 029B,E01003539,681,342,114,228,5,136,109,27,191,180,11,7
Newham 029C,E01003540,595,200,67,133,4,259,217,42,121,115,6,11
Newham 029D,E01003541,570,302,108,194,5,106,67,39,155,148,7,2
Newham 030A,E01003499,862,179,73,106,3,471,380,91,193,179,14,16
Newham 030B,E01003501,715,227,76,151,1,279,225,54,199,185,14,9
Newham 030C,E01003502,669,176,60,116,0,295,240,55,187,175,12,11
Newham 030D,E01003503,647,99,31,68,30,413,335,78,99,92,7,6
Newham 031A,E01003507,807,286,115,171,6,262,162,100,239,228,11,14
Newham 031B,E01003508,555,149,68,81,4,223,181,42,172,165,7,7
Newham 031C,E01003509,795,120,39,81,1,134,62,72,531,523,8,9
Newham 031D,E01003604,785,276,83,193,13,265,141,124,226,221,5,5
Newham 032A,E01003483,492,105,31,74,5,287,106,181,91,85,6,4
Newham 032B,E01003484,566,226,47,179,25,56,24,32,254,249,5,5
Newham 032C,E01003516,652,115,35,80,7,402,211,191,116,111,5,12
Newham 032D,E01003518,588,307,82,225,9,92,72,20,175,171,4,5
Newham 032E,E01003519,484,170,65,105,3,153,57,96,154,146,8,4
Newham 033A,E01003480,662,184,48,136,11,254,175,79,207,170,37,6
Newham 033B,E01003482,1033,298,46,252,63,261,29,232,401,388,13,10
Newham 033C,E01003486,455,28,4,24,3,372,29,343,46,44,2,6
Newham 033D,E01003487,424,65,15,50,11,274,18,256,67,62,5,7
Newham 034A,E01003497,622,156,59,97,10,255,216,39,190,184,6,11
Newham 034D,E01003506,489,108,33,75,2,273,261,12,97,93,4,9
Newham 034F,E01033574,579,99,21,78,46,21,7,14,405,402,3,8
Newham 034G,E01033575,545,58,10,48,28,30,4,26,425,423,2,4
Newham 034H,E01033576,618,136,43,93,64,169,87,82,246,239,7,3
Newham 034I,E01033584,564,86,28,58,18,369,209,160,86,79,7,5
Newham 034J,E01033585,954,145,47,98,11,496,422,74,288,278,10,14
Newham 035A,E01003479,612,235,71,164,6,118,15,103,249,236,13,4
Newham 035B,E01003481,500,148,39,109,3,221,166,55,116,110,6,12
Newham 035C,E01003485,560,248,78,170,3,92,32,60,212,208,4,5
Newham 035D,E01003513,558,259,62,197,10,67,16,51,216,210,6,6
Newham 036A,E01003511,452,71,24,47,4,312,196,116,51,48,3,14
Newham 036B,E01003512,678,210,69,141,7,296,242,54,158,150,8,7
Newham 036C,E01003514,532,126,31,95,6,288,184,104,109,105,4,3
Newham 036D,E01003515,755,135,45,90,47,420,310,110,141,133,8,12
Newham 036E,E01003517,605,149,32,117,47,291,173,118,115,108,7,3
Newham 037A,E01003609,1058,225,61,164,15,410,227,183,396,388,8,12
Newham 037C,E01003611,700,107,33,74,14,423,390,33,148,147,1,8
Newham 037E,E01033577,608,156,35,121,3,143,18,125,299,285,14,7
Newham 037F,E01033580,659,234,44,190,8,30,13,17,382,370,12,5
Newham 037G,E01033581,714,173,47,126,16,315,241,74,203,198,5,7
Newham 037H,E01033582,631,219,27,192,5,23,16,7,376,369,7,8
Southwark 001A,E01004029,819,264,85,179,69,140,42,98,336,312,24,10
Southwark 001B,E01004032,714,319,100,219,40,36,9,27,309,293,16,10
Southwark 001C,E01004053,877,437,126,311,8,92,3,89,332,310,22,8
Southwark 001D,E01004054,782,397,108,289,15,62,15,47,294,287,7,14
Southwark 001E,E01004055,513,89,31,58,3,384,172,212,33,32,1,4
Southwark 002A,E01003927,995,215,54,161,61,349,192,157,354,332,22,16
Southwark 002B,E01003929,1074,255,94,161,32,355,140,215,415,384,31,17
Southwark 002C,E01003934,811,244,110,134,12,331,129,202,193,170,23,31
Southwark 002D,E01003935,451,86,25,61,4,256,129,127,100,90,10,5
Southwark 002E,E01003939,836,196,69,127,30,270,206,64,324,222,102,16
Southwark 003A,E01003976,916,205,52,153,6,430,355,75,266,248,18,9
Southwark 003E,E01004027,993,205,65,140,14,432,376,56,330,313,17,12
Southwark 003F,E01032637,641,244,65,179,5,5,4,1,367,358,9,20
Southwark 003G,E01032638,653,323,120,203,2,9,7,2,312,302,10,7
Southwark 003H,E01032640,672,288,108,180,0,5,5,0,359,344,15,20
Southwark 003I,E01032646,737,217,63,154,11,155,105,50,341,320,21,13
Southwark 003J,E01032803,658,207,54,153,25,84,59,25,332,321,11,10
Southwark 003K,E01032834,666,280,120,160,0,22,19,3,348,331,17,16
Southwark 004A,E01003975,667,95,26,69,42,441,340,101,82,77,5,7
Southwark 004B,E01003978,908,254,52,202,26,337,172,165,285,268,17,6
Southwark 004C,E01004022,1146,260,93,167,160,543,320,223,172,162,10,11
Southwark 004D,E01004023,703,176,68,108,3,404,400,4,113,100,13,7
Southwark 004E,E01004028,713,120,27,93,28,434,417,17,117,103,14,14
Southwark 006A,E01003938,790,138,43,95,80,403,318,85,160,146,14,9
Southwark 006B,E01003940,620,93,21,72,2,410,386,24,105,98,7,10
Southwark 006C,E01003941,912,289,70,219,18,295,225,70,306,283,23,4
Southwark 006D,E01003942,561,96,24,72,1,362,311,51,93,88,5,9
Southwark 006E,E01003979,809,189,49,140,5,365,131,234,240,221,19,10
Southwark 006F,E01003981,693,104,34,70,3,363,219,144,204,176,28,19
Southwark 007A,E01004030,726,175,56,119,2,386,190,196,152,144,8,11
Southwark 007B,E01004031,880,273,85,188,38,344,232,112,215,203,12,10
Southwark 007C,E01004033,699,101,23,78,28,435,363,72,122,115,7,13
Southwark 007D,E01004034,635,116,29,87,7,387,381,6,118,110,8,7
Southwark 007E,E01004036,806,99,35,64,4,505,479,26,191,181,10,7
Southwark 008A,E01004056,906,262,64,198,19,299,24,275,314,303,11,12
Southwark 008B,E01004057,668,277,117,160,4,207,9,198,170,166,4,10
Southwark 008C,E01004058,855,410,137,273,39,9,3,6,384,375,9,13
Southwark 008D,E01004059,662,273,93,180,1,24,2,22,353,342,11,11
Southwark 008E,E01004060,785,174,49,125,3,366,187,179,237,218,19,5
Southwark 009A,E01003936,552,145,47,98,2,150,19,131,248,222,26,7
Southwark 009B,E01003937,734,199,67,132,96,121,107,14,307,290,17,11
Southwark 009C,E01003943,549,79,22,57,2,353,339,14,106,94,12,9
Southwark 009F,E01032720,681,97,33,64,37,336,322,14,203,197,6,8
Southwark 010A,E01003977,800,168,44,124,9,472,451,21,134,129,5,17
Southwark 010B,E01004037,878,215,34,181,40,376,289,87,242,230,12,5
Southwark 010C,E01004038,920,158,22,136,127,347,43,304,283,270,13,5
Southwark 010D,E01004042,762,113,47,66,7,510,449,61,128,123,5,4
Southwark 010E,E01004043,599,247,117,130,7,229,161,68,107,99,8,9
Southwark 011A,E01003986,549,49,17,32,3,431,283,148,50,47,3,16
Southwark 011B,E01003987,754,95,28,67,28,524,270,254,102,101,1,5
Southwark 011C,E01004024,819,115,31,84,4,549,521,28,143,137,6,8
Southwark 011D,E01004035,687,104,42,62,1,489,428,61,90,83,7,3
Southwark 012A,E01003960,766,182,53,129,41,277,178,99,256,242,14,10
Southwark 012B,E01003961,897,120,38,82,12,601,483,118,147,140,7,17
Southwark 012E,E01003994,622,121,29,92,5,341,280,61,150,137,13,5
Southwark 012F,E01032722,932,123,36,87,18,416,162,254,369,361,8,6
Southwark 013A,E01003980,847,101,34,67,2,522,242,280,212,200,12,10
Southwark 013B,E01004039,633,226,54,172,6,176,156,20,219,209,10,6
Southwark 013C,E01004040,680,48,13,35,31,538,344,194,58,48,10,5
Southwark 013D,E01004041,699,87,30,57,2,462,177,285,142,120,22,6
Southwark 013E,E01004044,556,118,37,81,7,357,343,14,68,65,3,6
Southwark 014A,E01003992,590,101,41,60,6,392,363,29,85,79,6,6
Southwark 014B,E01003995,738,160,59,101,2,465,300,165,109,105,4,2
Southwark 014D,E01003998,632,190,71,119,5,279,150,129,154,139,15,4
Southwark 014E,E01003999,602,170,50,120,7,287,277,10,132,123,9,6
Southwark 014F,E01032639,688,136,27,109,34,228,169,59,274,265,9,16
Southwark 014G,E01032719,623,100,41,59,19,308,296,12,183,175,8,13
Southwark 015A,E01003964,730,148,53,95,9,386,237,149,179,167,12,8
Southwark 015B,E01003966,745,95,33,62,5,426,369,57,210,198,12,9
Southwark 015C,E01003968,525,52,23,29,2,424,418,6,43,38,5,4
Southwark 015D,E01003971,608,62,19,43,1,499,482,17,43,39,4,3
Southwark 015E,E01003974,489,61,23,38,2,368,322,46,49,48,1,9
Southwark 016A,E01003963,662,78,21,57,2,445,339,106,123,118,5,14
Southwark 016B,E01003967,600,56,16,40,4,477,423,54,55,44,11,8
Southwark 016C,E01003970,579,75,36,39,0,444,417,27,59,54,5,1
Southwark 016D,E01003972,714,97,25,72,2,453,334,119,157,148,9,5
Southwark 016E,E01003973,739,59,12,47,5,519,366,153,148,144,4,8
Southwark 017A,E01003923,730,198,54,144,28,315,270,45,183,174,9,6
Southwark 017B,E01003969,764,223,77,146,4,249,181,68,282,274,8,6
Southwark 017C,E01003991,559,118,45,73,3,365,360,5,67,61,6,6
Southwark 017D,E01003993,630,94,25,69,5,471,465,6,55,55,0,5
Southwark 017E,E01003997,472,158,50,108,6,200,196,4,100,93,7,8
Southwark 018A,E01003983,730,66,24,42,4,577,544,33,73,66,7,10
Southwark 018B,E01003988,898,173,64,109,5,557,517,40,152,146,6,11
Southwark 018C,E01003989,720,91,16,75,6,514,463,51,100,93,7,9
Southwark 018D,E01003990,769,123,45,78,16,527,354,173,94,88,6,9
Southwark 018E,E01004007,436,53,5,48,11,329,224,105,41,33,8,2
Southwark 019A,E01003912,571,35,10,25,5,486,410,76,43,39,4,2
Southwark 019B,E01004011,724,103,8,95,7,526,265,261,81,75,6,7
Southwark 019C,E01004012,934,208,27,181,46,462,283,179,210,197,13,8
Southwark 019D,E01004013,606,110,15,95,9,378,224,154,103,100,3,6
Southwark 019E,E01004014,710,103,17,86,16,477,416,61,104,95,9,10
Southwark 020A,E01003911,742,140,29,111,4,455,371,84,135,128,7,8
Southwark 020B,E01003916,830,276,80,196,38,274,213,61,233,224,9,9
Southwark 020C,E01003917,787,272,80,192,18,356,275,81,136,133,3,5
Southwark 020D,E01003918,653,76,21,55,5,488,324,164,77,72,5,7
Southwark 020E,E01003925,527,66,19,47,2,377,291,86,75,72,3,7
Southwark 021A,E01003919,702,151,52,99,10,370,104,266,169,157,12,2
Southwark 021B,E01003920,766,101,29,72,38,542,474,68,74,66,8,11
Southwark 021C,E01003921,673,43,13,30,6,457,58,399,160,150,10,7
Southwark 021D,E01003922,821,168,55,113,6,468,321,147,168,155,13,11
Southwark 021E,E01003924,802,64,19,45,1,576,559,17,153,146,7,8
Southwark 021F,E01003926,540,86,22,64,3,351,303,48,90,89,1,10
Southwark 022B,E01004008,808,127,33,94,39,533,476,57,102,96,6,7
Southwark 022D,E01004010,601,135,29,106,19,290,219,71,144,138,6,13
Southwark 022E,E01004067,831,161,55,106,5,486,343,143,171,155,16,8
Southwark 022F,E01032805,940,218,74,144,33,484,416,68,187,182,5,18
Southwark 023A,E01003984,856,249,73,176,12,365,274,91,217,202,15,13
Southwark 023B,E01004003,755,161,49,112,5,484,442,42,96,88,8,9
Southwark 023C,E01004004,1069,322,96,226,49,433,192,241,251,233,18,14
Southwark 023D,E01004005,882,134,28,106,21,567,373,194,158,142,16,2
Southwark 023E,E01004006,772,294,96,198,5,271,215,56,192,185,7,10
Southwark 024A,E01003913,800,310,146,164,16,218,104,114,239,220,19,17
Southwark 024B,E01003914,722,312,97,215,3,223,105,118,170,158,12,14
Southwark 024C,E01003915,811,241,68,173,6,438,371,67,124,113,11,2
Southwark 024D,E01004050,652,334,105,229,8,88,36,52,216,203,13,6
Southwark 024E,E01004052,798,350,114,236,18,200,157,43,223,211,12,7
Southwark 025A,E01004061,772,358,126,232,7,190,73,117,205,197,8,12
Southwark 025B,E01004062,830,211,55,156,72,299,134,165,233,219,14,15
Southwark 025C,E01004063,847,373,143,230,9,266,153,113,193,175,18,6
Southwark 025D,E01004065,625,318,98,220,1,129,63,66,165,160,5,12
Southwark 025E,E01004066,844,258,87,171,40,386,251,135,152,139,13,8
Southwark 026A,E01004000,839,307,102,205,4,328,206,122,189,183,6,11
Southwark 026B,E01004001,718,142,41,101,11,485,299,186,70,63,7,10
Southwark 026C,E01004019,912,317,83,234,49,362,171,191,177,172,5,7
Southwark 026D,E01004064,808,200,56,144,3,428,345,83,168,164,4,9
Southwark 026E,E01004068,829,195,50,145,59,463,378,85,100,92,8,12
Southwark 027A,E01004045,601,82,19,63,3,457,430,27,51,45,6,8
Southwark 027B,E01004047,607,130,34,96,0,386,379,7,85,78,7,6
Southwark 027C,E01004048,645,285,85,200,6,231,168,63,118,110,8,5
Southwark 027D,E01004049,507,118,46,72,15,290,276,14,83,75,8,1
Southwark 027E,E01004051,613,394,153,241,1,96,82,14,108,95,13,14
Southwark 028A,E01003953,980,381,114,267,5,286,62,224,293,279,14,15
Southwark 028B,E01003955,822,403,127,276,13,192,92,100,205,198,7,9
Southwark 028C,E01004015,690,351,123,228,2,154,58,96,175,169,6,8
Southwark 028D,E01004021,1032,377,102,275,16,156,46,110,480,467,13,3
Southwark 028E,E01004046,674,332,132,200,2,186,74,112,148,142,6,6
Southwark 029A,E01004002,639,387,133,254,2,124,69,55,117,111,6,9
Southwark 029B,E01004016,934,533,172,361,6,209,150,59,174,169,5,12
Southwark 029C,E01004017,627,383,164,219,3,92,56,36,148,138,10,1
Southwark 029D,E01004020,730,194,56,138,7,412,363,49,107,100,7,10
Southwark 030A,E01003952,692,372,122,250,0,100,42,58,211,208,3,9
Southwark 030B,E01003954,670,402,138,264,1,111,53,58,154,149,5,2
Southwark 030C,E01003956,720,424,124,300,3,103,57,46,180,177,3,10
Southwark 030D,E01004071,663,294,86,208,5,234,161,73,119,113,6,11
Southwark 030E,E01004072,617,432,190,242,6,64,28,36,112,98,14,3
Southwark 031A,E01004069,497,394,207,187,0,32,12,20,67,55,12,4
Southwark 031B,E01004070,779,451,182,269,0,176,149,27,143,136,7,9
Southwark 031C,E01004073,736,449,184,265,2,89,75,14,187,173,14,9
Southwark 031D,E01004074,631,468,238,230,0,58,39,19,99,92,7,6
Southwark 031E,E01004075,657,485,258,227,0,58,16,42,105,100,5,9
Southwark 032A,E01003949,871,462,152,310,9,133,61,72,264,252,12,3
Southwark 032B,E01003950,798,233,84,149,9,404,172,232,146,139,7,6
Southwark 032C,E01003957,714,404,123,281,4,133,55,78,172,165,7,1
Southwark 032D,E01003958,699,387,138,249,3,148,103,45,152,142,10,9
Southwark 032E,E01004018,780,509,163,346,5,56,31,25,197,189,8,13
Southwark 033A,E01003945,730,462,205,257,21,121,116,5,116,112,4,10
Southwark 033B,E01003946,726,422,225,197,9,145,123,22,135,120,15,15
Southwark 033C,E01003947,612,134,43,91,5,390,383,7,74,65,9,9
Southwark 033D,E01003948,742,424,166,258,18,87,67,20,209,198,11,4
Southwark 033E,E01003951,571,363,190,173,3,93,72,21,98,93,5,14
Southwark 034A,E01003930,458,103,45,58,1,211,111,100,131,116,15,12
Southwark 034B,E01003932,651,129,48,81,18,337,262,75,155,145,10,12
Southwark 034C,E01003933,537,164,62,102,9,217,121,96,123,115,8,24
Southwark 034D,E01032583,644,129,47,82,0,320,189,131,184,163,21,11
Southwark 034E,E01032584,577,163,51,112,3,277,179,98,123,114,9,11
Tower Hamlets 001A,E01004222,1048,211,88,123,11,637,160,477,175,164,11,14
Tower Hamlets 001B,E01004223,938,139,52,87,5,645,99,546,146,133,13,3
Tower Hamlets 001C,E01004224,806,141,41,100,30,369,82,287,261,254,7,5
Tower Hamlets 001D,E01004226,676,155,61,94,23,334,278,56,160,156,4,4
Tower Hamlets 002A,E01004197,964,176,55,121,42,422,250,172,317,301,16,7
Tower Hamlets 002B,E01004198,606,90,37,53,8,378,231,147,125,115,10,5
Tower Hamlets 002C,E01004199,574,69,22,47,4,408,182,226,89,85,4,4
Tower Hamlets 002D,E01004201,619,143,54,89,7,324,193,131,135,125,10,10
Tower Hamlets 003A,E01004228,769,268,99,169,36,264,88,176,189,176,13,12
Tower Hamlets 003B,E01004230,803,224,96,128,6,347,61,286,218,209,9,8
Tower Hamlets 003C,E01004232,603,271,134,137,5,100,39,61,224,212,12,3
Tower Hamlets 003D,E01004233,751,179,78,101,0,431,63,368,137,132,5,4
Tower Hamlets 003E,E01004234,903,365,133,232,6,238,52,186,278,262,16,16
Tower Hamlets 004A,E01004225,1147,443,107,336,69,114,20,94,507,483,24,14
Tower Hamlets 004C,E01004229,551,169,64,105,14,221,175,46,143,134,9,4
Tower Hamlets 004D,E01004231,629,105,33,72,10,351,221,130,150,143,7,13
Tower Hamlets 004E,E01032764,643,103,24,79,23,253,31,222,252,246,6,12
Tower Hamlets 004F,E01032765,645,106,29,77,53,305,36,269,172,163,9,9
Tower Hamlets 004G,E01032784,692,194,45,149,4,166,81,85,324,313,11,4
Tower Hamlets 005A,E01004200,585,128,36,92,9,115,67,48,328,317,11,5
Tower Hamlets 005B,E01004202,713,220,81,139,15,218,76,142,255,240,15,5
Tower Hamlets 005C,E01004203,689,198,78,120,1,226,127,99,256,241,15,8
Tower Hamlets 005D,E01004204,631,139,50,89,1,382,159,223,101,87,14,8
Tower Hamlets 006A,E01004311,644,144,53,91,6,353,264,89,132,122,10,9
Tower Hamlets 006B,E01004314,493,253,114,139,0,89,34,55,147,132,15,4
Tower Hamlets 006C,E01004315,718,197,65,132,4,324,266,58,188,179,9,5
Tower Hamlets 006D,E01004318,630,90,30,60,11,399,200,199,125,114,11,5
Tower Hamlets 007A,E01004259,812,251,76,175,20,257,200,57,281,268,13,3
Tower Hamlets 007B,E01004260,636,167,71,96,19,311,277,34,131,126,5,8
Tower Hamlets 007C,E01004263,529,88,33,55,5,333,143,190,93,89,4,10
Tower Hamlets 007D,E01004266,583,172,71,101,6,265,92,173,131,121,10,9
Tower Hamlets 008A,E01004235,513,60,11,49,0,363,108,255,82,76,6,8
Tower Hamlets 008B,E01004236,497,73,14,59,14,299,91,208,105,99,6,6
Tower Hamlets 008C,E01004237,506,101,42,59,39,241,42,199,120,103,17,5
Tower Hamlets 008D,E01004238,1058,155,42,113,33,486,133,353,362,352,10,22
Tower Hamlets 008E,E01004239,533,100,29,71,16,341,115,226,70,65,5,6
Tower Hamlets 009A,E01004312,628,94,32,62,1,386,355,31,138,133,5,9
Tower Hamlets 009B,E01004313,812,187,70,117,12,349,301,48,255,244,11,9
Tower Hamlets 009C,E01004316,455,100,31,69,1,235,185,50,115,112,3,4
Tower Hamlets 009D,E01004317,1193,290,92,198,24,283,70,213,588,557,31,8
Tower Hamlets 010A,E01004261,550,83,34,49,3,253,209,44,204,104,100,7
Tower Hamlets 010B,E01004262,495,113,51,62,5,228,159,69,144,106,38,5
Tower Hamlets 010C,E01004264,457,106,49,57,1,240,233,7,105,99,6,5
Tower Hamlets 010E,E01032785,616,193,32,161,47,200,81,119,172,158,14,4
Tower Hamlets 010F,E01032786,674,166,58,108,10,374,336,38,121,112,9,3
Tower Hamlets 011A,E01004207,515,95,31,64,4,293,119,174,116,104,12,7
Tower Hamlets 011B,E01004209,466,58,21,37,2,324,215,109,77,73,4,5
Tower Hamlets 011D,E01004212,720,156,64,92,16,284,193,91,257,238,19,7
Tower Hamlets 011F,E01032787,793,154,48,106,4,427,334,93,194,188,6,14
Tower Hamlets 012A,E01004240,574,109,37,72,8,348,165,183,101,94,7,8
Tower Hamlets 012B,E01004241,570,67,25,42,17,370,178,192,112,105,7,4
Tower Hamlets 012C,E01004242,898,134,35,99,28,428,189,239,292,276,16,16
Tower Hamlets 012D,E01004267,707,167,40,127,1,281,27,254,242,227,15,16
Tower Hamlets 012E,E01004268,688,74,23,51,0,430,111,319,178,173,5,6
Tower Hamlets 013A,E01004205,688,87,33,54,14,409,209,200,169,162,7,9
Tower Hamlets 013B,E01004206,554,83,33,50,3,333,228,105,125,118,7,10
Tower Hamlets 013C,E01004208,788,267,93,174,6,101,95,6,406,372,34,8
Tower Hamlets 013D,E01004211,720,214,60,154,6,186,35,151,307,301,6,7
Tower Hamlets 014A,E01004269,726,142,64,78,2,377,120,257,201,192,9,4
Tower Hamlets 014B,E01004270,745,233,58,175,9,167,46,121,329,309,20,7
Tower Hamlets 014C,E01004271,548,71,24,47,1,365,92,273,102,92,10,9
Tower Hamlets 014D,E01004272,639,86,19,67,9,429,190,239,111,108,3,4
Tower Hamlets 014E,E01004273,594,86,28,58,1,411,126,285,90,86,4,6
Tower Hamlets 015A,E01004306,687,199,90,109,6,192,66,126,277,260,17,13
Tower Hamlets 015B,E01004307,1014,286,110,176,10,166,30,136,539,518,21,13
Tower Hamlets 015C,E01004308,504,189,64,125,2,177,102,75,130,124,6,6
Tower Hamlets 015D,E01004309,902,178,62,116,27,394,215,179,297,281,16,6
Tower Hamlets 015E,E01004310,793,150,51,99,5,315,69,246,316,288,28,7
Tower Hamlets 016A,E01004283,756,154,51,103,5,396,151,245,181,173,8,20
Tower Hamlets 016B,E01004287,854,196,63,133,27,440,111,329,179,159,20,12
Tower Hamlets 016C,E01004289,670,172,81,91,8,323,179,144,158,143,15,9
Tower Hamlets 016D,E01004290,575,172,83,89,3,155,100,55,237,216,21,8
Tower Hamlets 017A,E01004322,502,108,36,72,5,248,177,71,138,122,16,3
Tower Hamlets 017B,E01004323,480,137,44,93,3,178,105,73,154,147,7,8
Tower Hamlets 017C,E01004324,485,139,40,99,2,240,209,31,97,93,4,7
Tower Hamlets 017D,E01004326,623,120,47,73,23,242,213,29,232,224,8,6
Tower Hamlets 018A,E01004245,433,60,15,45,4,308,98,210,57,53,4,4
Tower Hamlets 018B,E01004246,747,306,122,184,73,187,84,103,172,163,9,9
Tower Hamlets 018C,E01004248,441,41,15,26,0,320,118,202,73,61,12,7
Tower Hamlets 018D,E01004249,758,113,45,68,27,476,158,318,135,124,11,7
Tower Hamlets 019A,E01004284,884,70,15,55,176,524,71,453,103,96,7,11
Tower Hamlets 019B,E01004285,658,104,36,68,7,443,231,212,94,87,7,10
Tower Hamlets 019C,E01004286,817,171,63,108,67,464,192,272,104,95,9,11
Tower Hamlets 019D,E01004288,525,80,26,54,16,354,227,127,70,65,5,5
Tower Hamlets 020A,E01004243,614,108,41,67,7,363,128,235,128,117,11,8
Tower Hamlets 020B,E01004244,686,121,59,62,5,422,113,309,131,122,9,7
Tower Hamlets 020C,E01004247,714,114,45,69,8,363,122,241,225,221,4,4
Tower Hamlets 020D,E01004250,866,95,33,62,41,583,190,393,138,125,13,9
Tower Hamlets 021A,E01004319,595,125,62,63,3,236,172,64,225,221,4,6
Tower Hamlets 021C,E01004321,711,95,36,59,23,403,83,320,184,162,22,6
Tower Hamlets 021D,E01004325,1033,182,73,109,15,168,28,140,657,643,14,11
Tower Hamlets 021E,E01032766,601,115,21,94,48,137,45,92,293,284,9,8
Tower Hamlets 021F,E01032767,767,168,62,106,2,54,14,40,534,523,11,9
Tower Hamlets 022A,E01004298,635,88,35,53,27,365,115,250,148,137,11,7
Tower Hamlets 022B,E01004300,522,98,47,51,1,327,77,250,87,79,8,9
Tower Hamlets 022C,E01004304,653,93,33,60,62,345,153,192,144,139,5,9
Tower Hamlets 022D,E01004305,699,143,38,105,7,384,156,228,156,149,7,9
Tower Hamlets 023A,E01004251,779,199,64,135,2,422,368,54,154,151,3,2
Tower Hamlets 023B,E01004254,1046,413,128,285,11,73,40,33,542,515,27,7
Tower Hamlets 023C,E01004255,647,126,31,95,33,310,179,131,172,164,8,6
Tower Hamlets 023D,E01004258,713,295,133,162,3,179,153,26,219,209,10,17
Tower Hamlets 024A,E01004252,1107,197,54,143,65,488,186,302,349,332,17,8
Tower Hamlets 024B,E01004253,829,175,82,93,5,499,239,260,139,129,10,11
Tower Hamlets 024C,E01004256,611,128,35,93,3,328,234,94,142,131,11,10
Tower Hamlets 024D,E01004257,618,114,42,72,2,318,230,88,176,167,9,8
Tower Hamlets 025B,E01004301,413,117,31,86,1,189,149,40,97,89,8,9
Tower Hamlets 025C,E01004302,637,104,23,81,73,311,191,120,141,136,5,8
Tower Hamlets 025D,E01004303,967,233,88,145,53,411,143,268,250,235,15,20
Tower Hamlets 025E,E01032768,696,242,69,173,12,54,5,49,381,368,13,7
Tower Hamlets 025F,E01032769,593,210,69,141,1,97,23,74,275,264,11,10
Tower Hamlets 026A,E01004292,818,397,153,244,9,48,30,18,351,336,15,13
Tower Hamlets 026B,E01004294,877,292,116,176,44,221,80,141,311,294,17,9
Tower Hamlets 026C,E01004295,500,91,40,51,2,291,75,216,106,97,9,10
Tower Hamlets 026D,E01004296,684,172,55,117,9,293,235,58,201,189,12,9
Tower Hamlets 027A,E01004291,1051,469,183,286,29,127,119,8,411,395,16,15
Tower Hamlets 027B,E01004293,1133,506,257,249,4,143,69,74,466,420,46,14
Tower Hamlets 027C,E01004297,909,455,175,280,7,89,58,31,346,331,15,12
Tower Hamlets 028A,E01004215,1168,315,134,181,16,341,71,270,476,460,16,20
Tower Hamlets 028B,E01004219,851,129,42,87,53,418,290,128,246,236,10,5
Tower Hamlets 028D,E01004221,802,219,51,168,33,220,59,161,317,304,13,13
Tower Hamlets 028E,E01032776,631,115,37,78,13,65,18,47,430,416,14,8
Tower Hamlets 028F,E01032777,514,119,28,91,57,154,9,145,182,178,4,2
Tower Hamlets 028G,E01032778,564,121,35,86,16,86,16,70,332,323,9,9
Tower Hamlets 028H,E01032779,565,89,31,58,18,93,5,88,359,350,9,6
Tower Hamlets 028I,E01032780,647,238,94,144,3,20,3,17,375,361,14,11
Tower Hamlets 030A,E01004214,665,64,18,46,5,502,110,392,89,81,8,5
Tower Hamlets 030B,E01004216,737,247,73,174,4,170,30,140,309,297,12,7
Tower Hamlets 030C,E01004217,779,261,97,164,5,293,58,235,203,190,13,17
Tower Hamlets 030D,E01004218,731,328,119,209,11,116,37,79,262,255,7,14
Tower Hamlets 031A,E01004274,654,151,52,99,2,290,55,235,203,194,9,8
Tower Hamlets 031B,E01004275,768,257,88,169,33,179,43,136,288,281,7,11
Tower Hamlets 031C,E01004276,996,431,128,303,4,12,4,8,534,520,14,15
Tower Hamlets 031D,E01004281,831,283,83,200,2,59,12,47,480,467,13,7
Tower Hamlets 031F,E01032775,600,202,47,155,2,44,22,22,342,331,11,10
Tower Hamlets 031G,E01032783,661,162,48,114,15,173,4,169,296,290,6,15
Tower Hamlets 032A,E01004280,769,207,74,133,17,277,61,216,257,249,8,11
Tower Hamlets 032B,E01032770,572,118,27,91,14,153,32,121,267,254,13,20
Tower Hamlets 032C,E01032772,544,92,37,55,14,148,30,118,284,272,12,6
Tower Hamlets 032D,E01032773,852,204,57,147,42,217,36,181,374,363,11,15
Tower Hamlets 032E,E01032774,583,94,36,58,7,255,39,216,219,208,11,8
Tower Hamlets 033A,E01004277,898,309,130,179,1,26,1,25,547,516,31,15
Tower Hamlets 033B,E01032771,546,111,55,56,33,115,19,96,283,272,11,4
Tower Hamlets 033C,E01032781,771,248,86,162,11,78,14,64,425,414,11,9
Tower Hamlets 033D,E01032782,776,111,36,75,49,199,25,174,403,399,4,14
Wandsworth 001A,E01004560,959,442,190,252,21,132,105,27,349,326,23,15
Wandsworth 001B,E01004566,821,391,203,188,2,92,25,67,321,310,11,15
Wandsworth 001C,E01004582,976,552,299,253,5,78,74,4,314,285,29,27
Wandsworth 001D,E01004583,876,445,249,196,25,134,132,2,256,246,10,16
Wandsworth 002B,E01004562,754,201,86,115,6,374,295,79,166,156,10,7
Wandsworth 002C,E01004563,879,176,53,123,46,369,346,23,279,260,19,9
Wandsworth 002D,E01004564,820,299,103,196,4,254,58,196,259,247,12,4
Wandsworth 002E,E01004567,982,178,61,117,71,506,415,91,217,212,5,10
Wandsworth 002F,E01033098,629,206,93,113,73,44,33,11,300,285,15,6
Wandsworth 002G,E01033100,612,144,50,94,3,245,213,32,210,198,12,10
Wandsworth 002H,E01033132,619,145,63,82,88,154,112,42,222,212,10,10
Wandsworth 003A,E01004539,800,165,63,102,4,514,461,53,111,104,7,6
Wandsworth 003B,E01004540,1002,376,144,232,13,386,348,38,218,202,16,9
Wandsworth 003C,E01004577,907,369,179,190,16,188,122,66,322,307,15,12
Wandsworth 003D,E01004584,703,94,39,55,2,505,501,4,94,90,4,8
Wandsworth 004B,E01004579,744,339,146,193,2,232,23,209,163,155,8,8
Wandsworth 004C,E01004580,892,336,106,230,9,149,117,32,389,357,32,9
Wandsworth 004D,E01004581,892,382,173,209,18,164,103,61,317,299,18,11
Wandsworth 004E,E01033099,456,147,65,82,52,118,78,40,133,127,6,6
Wandsworth 004F,E01033101,663,342,146,196,7,15,6,9,290,274,16,9
Wandsworth 004G,E01033133,636,217,75,142,39,105,64,41,269,265,4,6
Wandsworth 005A,E01004565,815,276,90,186,3,251,18,233,279,265,14,6
Wandsworth 005B,E01004590,807,275,113,162,4,361,178,183,160,150,10,7
Wandsworth 005C,E01004591,811,275,88,187,7,263,140,123,258,250,8,8
Wandsworth 005D,E01004592,795,246,77,169,3,402,15,387,134,119,15,10
Wandsworth 006A,E01004604,593,456,207,249,0,13,9,4,116,112,4,8
Wandsworth 006B,E01004605,785,454,244,210,3,156,121,35,166,154,12,6
Wandsworth 006C,E01004606,754,395,160,235,1,23,13,10,328,312,16,7
Wandsworth 006D,E01004607,718,463,228,235,2,26,20,6,215,200,15,12
Wandsworth 006E,E01004608,785,373,192,181,0,157,80,77,247,227,20,8
Wandsworth 007A,E01004535,731,98,36,62,12,516,502,14,98,93,5,7
Wandsworth 007B,E01004537,799,174,66,108,2,477,427,50,139,136,3,7
Wandsworth 007C,E01004538,909,248,86,162,81,377,316,61,198,192,6,5
Wandsworth 007D,E01004541,762,175,68,107,5,461,351,110,116,108,8,5
Wandsworth 008A,E01004534,825,432,169,263,3,115,68,47,261,252,9,14
Wandsworth 008B,E01004536,928,249,77,172,5,331,315,16,332,315,17,11
Wandsworth 008C,E01004552,913,345,110,235,7,70,16,54,480,459,21,11
Wandsworth 008D,E01004585,858,403,166,237,3,147,28,119,301,289,12,4
Wandsworth 008E,E01004588,858,407,142,265,3,74,38,36,363,349,14,11
Wandsworth 009A,E01004554,653,422,171,251,2,36,3,33,192,185,7,1
Wandsworth 009B,E01004556,590,406,167,239,1,30,4,26,149,144,5,4
Wandsworth 009C,E01004586,848,394,136,258,3,94,16,78,354,336,18,3
Wandsworth 009D,E01004587,735,426,174,252,3,75,15,60,226,217,9,5
Wandsworth 009E,E01004589,706,384,131,253,4,37,10,27,277,269,8,4
Wandsworth 010A,E01004509,1122,452,167,285,9,141,63,78,508,473,35,12
Wandsworth 010B,E01004511,712,379,130,249,1,28,11,17,301,291,10,3
Wandsworth 010C,E01004602,706,363,143,220,5,33,17,16,297,282,15,8
Wandsworth 010E,E01004609,996,413,171,242,26,58,24,34,487,461,26,12
Wandsworth 010F,E01033093,766,372,168,204,78,16,8,8,292,284,8,8
Wandsworth 010G,E01033135,475,280,109,171,1,13,7,6,174,162,12,7
Wandsworth 011A,E01004506,955,418,235,183,9,80,48,32,434,413,21,14
Wandsworth 011B,E01004638,519,417,252,165,0,24,20,4,75,73,2,3
Wandsworth 011C,E01004639,783,387,211,176,5,68,65,3,318,271,47,5
Wandsworth 011D,E01004640,797,467,235,232,14,29,8,21,275,259,16,12
Wandsworth 011E,E01004641,818,438,201,237,1,227,179,48,143,133,10,9
Wandsworth 012A,E01004508,986,429,151,278,1,192,62,130,350,335,15,14
Wandsworth 012B,E01004510,917,406,119,287,53,123,12,111,325,308,17,10
Wandsworth 012C,E01004514,799,467,175,292,2,88,24,64,234,221,13,8
Wandsworth 012D,E01004515,739,285,98,187,35,171,29,142,245,231,14,3
Wandsworth 012E,E01004551,884,198,63,135,8,388,25,363,285,267,18,5
Wandsworth 013A,E01004568,458,67,33,34,5,303,290,13,76,72,4,7
Wandsworth 013B,E01004574,727,98,44,54,2,478,451,27,139,136,3,10
Wandsworth 013C,E01004575,691,182,110,72,3,371,330,41,119,113,6,16
Wandsworth 013D,E01004576,592,204,105,99,4,254,247,7,121,115,6,9
Wandsworth 014A,E01004500,807,344,185,159,17,99,59,40,335,319,16,12
Wandsworth 014B,E01004501,712,308,155,153,12,193,151,42,197,188,9,2
Wandsworth 014C,E01004503,738,317,132,185,1,125,114,11,285,247,38,10
Wandsworth 014D,E01004505,838,461,235,226,5,47,21,26,311,290,21,14
Wandsworth 014E,E01004507,962,361,197,164,13,98,50,48,474,434,40,16
Wandsworth 015A,E01004553,766,361,147,214,1,118,41,77,276,264,12,10
Wandsworth 015B,E01004557,650,368,168,200,3,65,32,33,207,197,10,7
Wandsworth 015C,E01004558,675,407,154,253,2,71,30,41,191,178,13,4
Wandsworth 015D,E01004559,503,336,136,200,3,47,14,33,116,111,5,1
Wandsworth 015E,E01004619,536,342,154,188,0,76,13,63,108,106,2,10
Wandsworth 016A,E01004572,706,301,158,143,3,213,191,22,183,175,8,6
Wandsworth 016B,E01004642,761,365,168,197,25,201,182,19,162,120,42,8
Wandsworth 016C,E01004643,851,312,146,166,4,290,258,32,230,221,9,15
Wandsworth 016D,E01004644,870,460,216,244,66,205,176,29,133,127,6,6
Wandsworth 016E,E01004645,844,272,109,163,10,383,366,17,172,166,6,7
Wandsworth 017A,E01004477,607,444,242,202,2,31,19,12,126,118,8,4
Wandsworth 017B,E01004478,538,403,189,214,0,40,10,30,87,79,8,8
Wandsworth 017C,E01004479,613,364,180,184,0,81,27,54,160,155,5,8
Wandsworth 017D,E01004550,570,260,115,145,0,151,74,77,146,136,10,13
Wandsworth 017E,E01004555,587,450,192,258,0,24,12,12,106,99,7,7
Wandsworth 018A,E01004494,762,281,80,201,30,205,44,161,241,231,10,5
Wandsworth 018B,E01004513,833,395,115,280,18,177,171,6,234,219,15,9
Wandsworth 018C,E01004600,893,161,46,115,38,453,421,32,236,223,13,5
Wandsworth 018D,E01004601,1006,447,155,292,59,192,112,80,301,286,15,7
Wandsworth 019A,E01004493,803,417,112,305,3,103,35,68,275,264,11,5
Wandsworth 019B,E01004512,618,341,130,211,1,99,14,85,171,164,7,6
Wandsworth 019C,E01004620,702,376,119,257,2,127,11,116,186,176,10,11
Wandsworth 019D,E01004621,659,370,151,219,4,74,32,42,209,194,15,2
Wandsworth 019E,E01004623,712,448,146,302,1,81,34,47,179,171,8,3
Wandsworth 019F,E01004627,631,374,139,235,4,99,30,69,149,135,14,5
Wandsworth 020A,E01004499,713,323,129,194,3,94,57,37,285,271,14,8
Wandsworth 020B,E01004502,670,446,167,279,3,31,12,19,182,178,4,8
Wandsworth 020C,E01004504,566,326,151,175,5,22,17,5,205,149,56,8
Wandsworth 020D,E01004594,590,426,198,228,1,9,7,2,149,142,7,5
Wandsworth 020E,E01004596,646,435,176,259,3,14,6,8,186,180,6,8
Wandsworth 020F,E01004629,609,362,179,183,19,72,57,15,149,141,8,7
Wandsworth 021A,E01004472,742,450,213,237,16,55,34,21,216,207,9,5
Wandsworth 021B,E01004474,918,308,77,231,25,120,52,68,458,444,14,7
Wandsworth 021C,E01004476,824,305,131,174,1,112,87,25,398,381,17,8
Wandsworth 021D,E01004542,618,397,144,253,2,65,22,43,148,142,6,6
Wandsworth 021E,E01004544,606,363,150,213,0,87,13,74,147,139,8,9
Wandsworth 022A,E01004628,911,361,129,232,50,200,118,82,292,269,23,8
Wandsworth 022B,E01004630,679,176,67,109,4,342,324,18,152,142,10,5
Wandsworth 022C,E01004631,643,272,121,151,1,156,136,20,205,196,9,9
Wandsworth 022D,E01004633,623,134,42,92,3,293,287,6,190,179,11,3
Wandsworth 023A,E01004569,737,243,92,151,22,246,212,34,224,212,12,2
Wandsworth 023B,E01004570,745,112,48,64,2,439,382,57,188,186,2,4
Wandsworth 023C,E01004571,651,172,75,97,1,305,251,54,166,159,7,7
Wandsworth 023D,E01004573,631,345,133,212,3,124,109,15,153,145,8,6
Wandsworth 024A,E01004495,523,180,52,128,11,191,178,13,130,126,4,11
Wandsworth 024B,E01004496,951,369,79,290,39,114,22,92,428,414,14,1
Wandsworth 024C,E01004497,541,338,129,209,3,97,87,10,98,93,5,5
Wandsworth 024D,E01004622,533,255,90,165,12,119,81,38,147,130,17,0
Wandsworth 024E,E01004624,624,370,132,238,15,101,74,27,135,124,11,3
Wandsworth 025A,E01004593,852,442,163,279,5,64,26,38,334,320,14,7
Wandsworth 025B,E01004595,796,440,147,293,1,55,48,7,295,283,12,5
Wandsworth 025C,E01004597,779,433,158,275,15,157,40,117,169,158,11,5
Wandsworth 025D,E01004598,818,473,131,342,26,60,19,41,253,236,17,6
Wandsworth 025E,E01004599,575,453,189,264,2,15,13,2,101,95,6,4
Wandsworth 026A,E01004473,746,378,130,248,9,105,47,58,247,236,11,7
Wandsworth 026B,E01004475,622,289,100,189,2,106,27,79,221,209,12,4
Wandsworth 026C,E01004480,678,381,146,235,5,36,16,20,248,241,7,8
Wandsworth 026D,E01004483,1011,451,123,328,24,60,32,28,465,447,18,11
Wandsworth 026E,E01004484,652,295,94,201,5,98,41,57,249,236,13,5
Wandsworth 026F,E01004486,784,307,107,200,7,143,16,127,323,316,7,4
Wandsworth 027A,E01004543,717,392,161,231,24,55,24,31,233,222,11,13
Wandsworth 027B,E01004545,850,365,167,198,4,35,6,29,439,423,16,7
Wandsworth 027C,E01004546,640,361,144,217,5,60,13,47,209,195,14,5
Wandsworth 027D,E01004549,672,343,139,204,7,115,13,102,196,191,5,11
Wandsworth 027E,E01004625,469,410,202,208,1,8,4,4,45,41,4,5
Wandsworth 027F,E01004626,724,480,194,286,4,18,6,12,215,197,18,7
Wandsworth 028A,E01004632,593,359,171,188,2,67,51,16,157,146,11,8
Wandsworth 028B,E01004634,697,321,129,192,2,118,114,4,246,233,13,10
Wandsworth 028C,E01004635,691,355,171,184,10,77,76,1,246,237,9,3
Wandsworth 028D,E01004636,650,321,126,195,2,113,109,4,205,199,6,9
Wandsworth 028E,E01004637,602,266,109,157,4,143,139,4,179,172,7,10
Wandsworth 029A,E01004481,716,303,111,192,4,60,21,39,343,331,12,6
Wandsworth 029B,E01004488,625,324,131,193,1,133,44,89,163,157,6,4
Wandsworth 029C,E01004547,551,253,110,143,7,161,16,145,123,116,7,7
Wandsworth 029D,E01004548,1054,450,207,243,9,93,52,41,491,472,19,11
Wandsworth 030A,E01004482,626,304,152,152,1,85,37,48,228,218,10,8
Wandsworth 030B,E01004485,691,303,120,183,2,119,42,77,258,251,7,9
Wandsworth 030C,E01004487,715,280,91,189,0,193,26,167,240,233,7,2
Wandsworth 030D,E01004489,612,265,81,184,2,145,4,141,198,191,7,2
Wandsworth 031A,E01004490,614,402,124,278,0,29,10,19,181,173,8,2
Wandsworth 031B,E01004491,971,263,94,169,2,539,102,437,157,136,21,10
Wandsworth 031C,E01004492,744,386,111,275,5,127,99,28,217,207,10,9
Wandsworth 031D,E01004498,784,434,109,325,4,46,11,35,293,279,14,7
Wandsworth 032A,E01004532,644,325,133,192,1,148,82,66,165,160,5,5
Wandsworth 032B,E01004611,570,337,168,169,1,54,39,15,173,169,4,5
Wandsworth 032C,E01004612,558,244,128,116,10,44,35,9,254,242,12,6
Wandsworth 032D,E01004618,527,352,153,199,3,23,7,16,147,141,6,2
Wandsworth 033A,E01004531,649,302,132,170,4,182,174,8,160,153,7,1
Wandsworth 033B,E01004533,569,227,78,149,4,189,183,6,144,135,9,5
Wandsworth 033C,E01004610,632,344,179,165,2,70,30,40,208,189,19,8
Wandsworth 033D,E01004613,677,216,98,118,4,201,159,42,243,232,11,13
Wandsworth 034A,E01004614,855,321,97,224,17,162,64,98,346,330,16,9
Wandsworth 034B,E01004615,757,201,80,121,5,338,324,14,204,197,7,9
Wandsworth 034C,E01004616,816,249,104,145,5,65,13,52,481,465,16,16
Wandsworth 034D,E01004617,638,204,88,116,14,128,56,72,286,272,14,6
Wandsworth 035A,E01004525,659,241,104,137,5,23,4,19,382,366,16,8
Wandsworth 035B,E01004526,655,259,92,167,4,115,32,83,266,256,10,11
Wandsworth 035C,E01004527,578,299,150,149,8,41,16,25,221,211,10,9
Wandsworth 035D,E01004528,655,249,91,158,21,166,34,132,206,193,13,13
Wandsworth 035E,E01004529,902,389,112,277,36,115,39,76,356,346,10,6
Wandsworth 035F,E01004530,789,383,156,227,7,104,11,93,284,269,15,11
Wandsworth 036A,E01004516,510,389,171,218,2,39,27,12,79,75,4,1
Wandsworth 036B,E01004518,650,444,152,292,4,44,26,18,151,145,6,7
Wandsworth 036C,E01004519,632,351,139,212,4,102,69,33,166,161,5,9
Wandsworth 036D,E01004520,459,287,117,170,2,63,48,15,101,94,7,6
Wandsworth 036E,E01004523,722,356,159,197,1,202,124,78,152,143,9,11
Wandsworth 037A,E01004517,810,338,101,237,21,84,14,70,360,348,12,7
Wandsworth 037B,E01004521,768,450,151,299,12,102,23,79,198,192,6,6
Wandsworth 037C,E01004522,628,343,129,214,10,61,13,48,207,200,7,7
Wandsworth 037D,E01004524,774,253,84,169,5,302,139,163,207,198,9,7
Westminster 001A,E01004647,685,286,191,95,4,147,111,36,218,209,9,30
Westminster 001B,E01004649,716,325,239,86,4,45,34,11,298,257,41,44
Westminster 001C,E01004724,850,295,189,106,6,119,97,22,409,368,41,21
Westminster 001D,E01004730,804,421,289,132,2,11,5,6,327,303,24,43
Westminster 002A,E01004646,616,272,147,125,1,94,55,39,233,226,7,16
Westminster 002B,E01004648,1122,515,322,193,3,71,16,55,510,498,12,23
Westminster 002C,E01004650,932,436,252,184,3,20,12,8,443,430,13,30
Westminster 002D,E01004710,635,157,72,85,5,303,227,76,155,150,5,15
Westminster 002E,E01004711,759,171,81,90,2,348,158,190,228,226,2,10
Westminster 003A,E01004651,1137,380,239,141,8,99,6,93,609,595,14,41
Westminster 003B,E01004725,799,137,92,45,7,384,48,336,239,227,12,32
Westminster 003C,E01004726,824,407,273,134,3,31,23,8,346,328,18,37
Westminster 003D,E01004728,808,312,200,112,4,161,139,22,306,291,15,25
Westminster 003E,E01004729,856,201,108,93,4,418,200,218,219,204,15,14
Westminster 004A,E01004718,850,210,74,136,17,394,190,204,219,208,11,10
Westminster 004B,E01004719,786,228,91,137,6,438,296,142,106,101,5,8
Westminster 004C,E01004720,777,260,124,136,12,414,309,105,81,68,13,10
Westminster 004D,E01004721,879,163,65,98,9,531,435,96,167,152,15,9
Westminster 004E,E01004722,849,112,44,68,13,579,373,206,133,132,1,12
Westminster 005A,E01004674,843,188,80,108,12,488,196,292,142,132,10,13
Westminster 005B,E01004675,1098,193,68,125,6,540,81,459,337,318,19,22
Westminster 005C,E01004677,876,252,97,155,13,317,45,272,289,282,7,5
Westminster 005D,E01004678,889,252,86,166,14,334,66,268,278,269,9,11
Westminster 005E,E01004679,935,152,50,102,8,482,57,425,281,268,13,12
Westminster 005F,E01004723,997,170,64,106,7,492,136,356,319,301,18,9
Westminster 006A,E01004676,794,225,85,140,5,197,41,156,356,345,11,11
Westminster 006B,E01004706,735,325,144,181,4,54,24,30,347,340,7,5
Westminster 006C,E01004707,798,411,190,221,1,12,4,8,353,336,17,21
Westminster 006D,E01004708,788,240,89,151,7,197,60,137,327,318,9,17
Westminster 006E,E01004756,866,224,68,156,3,258,78,180,370,354,16,11
Westminster 007A,E01004701,843,364,193,171,3,27,0,27,426,407,19,23
Westminster 007B,E01004703,1027,536,350,186,4,92,41,51,360,339,21,35
Westminster 007D,E01004705,700,337,175,162,2,40,4,36,303,295,8,18
Westminster 007E,E01004709,765,291,146,145,3,184,48,136,268,262,6,19
Westminster 007F,E01033600,644,254,136,118,1,122,58,64,257,248,9,10
Westminster 007G,E01033608,735,245,98,147,4,119,9,110,357,343,14,10
Westminster 008A,E01004659,961,335,205,130,6,58,38,20,536,514,22,26
Westminster 008B,E01004660,873,381,245,136,12,55,12,43,384,361,23,41
Westminster 008C,E01004712,842,302,186,116,2,67,37,30,442,421,21,29
Westminster 008D,E01004727,977,449,291,158,14,6,0,6,463,444,19,45
Westminster 009A,E01004670,948,101,62,39,5,738,620,118,82,74,8,22
Westminster 009E,E01004702,994,203,115,88,5,512,399,113,253,244,9,21
Westminster 009F,E01033598,502,70,38,32,8,301,207,94,116,111,5,7
Westminster 009G,E01033601,589,121,57,64,5,381,233,148,75,70,5,7
Westminster 009H,E01033602,645,92,48,44,9,411,263,148,126,121,5,7
Westminster 009I,E01033603,600,153,78,75,6,213,118,95,217,209,8,11
Westminster 009J,E01033604,620,57,33,24,3,174,25,149,372,360,12,14
Westminster 009K,E01033605,815,196,97,99,8,415,353,62,180,177,3,16
Westminster 010A,E01004754,600,101,57,44,8,385,329,56,85,79,6,21
Westminster 010B,E01004755,963,195,76,119,16,433,48,385,302,291,11,17
Westminster 010C,E01004757,600,117,57,60,10,313,252,61,144,135,9,16
Westminster 010F,E01032512,989,135,66,69,39,577,386,191,216,210,6,22
Westminster 010G,E01032513,567,102,40,62,8,333,279,54,109,104,5,15
Westminster 011A,E01004713,939,304,207,97,7,31,2,29,540,507,33,57
Westminster 011B,E01004714,1177,348,216,132,9,111,24,87,657,626,31,52
Westminster 011C,E01004716,724,322,226,96,1,57,1,56,311,288,23,33
Westminster 011D,E01004717,898,228,151,77,1,32,1,31,614,599,15,23
Westminster 011E,E01004762,1136,301,205,96,1,275,34,241,478,450,28,81
Westminster 012A,E01004657,827,227,147,80,3,33,1,32,536,513,23,28
Westminster 012B,E01004658,744,198,132,66,2,20,3,17,492,478,14,32
Westminster 012C,E01004661,892,256,132,124,2,87,15,72,519,499,20,28
Westminster 012D,E01004662,1040,257,157,100,3,71,26,45,679,659,20,30
Westminster 012E,E01004663,851,367,219,148,5,160,60,100,286,268,18,33
Westminster 013A,E01004715,824,226,125,101,9,237,147,90,321,298,23,31
Westminster 013B,E01004763,1076,200,110,90,5,154,33,121,671,646,25,46
Westminster 013D,E01004765,1103,335,186,149,2,288,65,223,433,414,19,45
Westminster 013E,E01033595,755,90,46,44,3,235,104,131,401,374,27,26
Westminster 013F,E01033596,745,132,76,56,7,326,132,194,252,248,4,28
Westminster 014A,E01004653,929,418,259,159,3,171,46,125,318,301,17,19
Westminster 014B,E01004654,1204,473,251,222,1,188,68,120,506,481,25,36
Westminster 014D,E01004656,1178,383,195,188,19,305,182,123,448,434,14,23
Westminster 014E,E01004760,771,256,105,151,2,301,203,98,209,204,5,3
Westminster 014F,E01033606,614,149,80,69,7,123,18,105,325,311,14,10
Westminster 014G,E01033607,616,173,101,72,3,247,28,219,179,174,5,14
Westminster 015A,E01004680,708,340,249,91,2,16,3,13,308,289,19,42
Westminster 015B,E01004683,767,380,235,145,2,23,0,23,321,303,18,41
Westminster 015C,E01004684,701,213,125,88,0,50,30,20,394,385,9,44
Westminster 015E,E01004686,848,233,135,98,2,31,8,23,555,542,13,27
Westminster 015F,E01033593,645,155,100,55,17,110,37,73,341,334,7,22
Westminster 015G,E01033594,711,139,80,59,7,226,19,207,323,307,16,16
Westminster 016A,E01004681,1150,399,222,177,27,74,47,27,625,597,28,25
Westminster 016B,E01004682,765,229,136,93,2,89,8,81,425,410,15,20
Westminster 016C,E01004694,949,262,159,103,4,51,27,24,605,588,17,27
Westminster 016D,E01004697,816,293,169,124,2,83,34,49,418,401,17,20
Westminster 016E,E01004700,941,274,124,150,2,65,30,35,582,567,15,18
Westminster 017A,E01004652,958,267,149,118,4,87,68,19,574,551,23,26
Westminster 017B,E01004693,735,318,208,110,2,54,23,31,336,325,11,25
Westminster 017C,E01004695,669,200,127,73,3,17,3,14,418,402,16,31
Westminster 017D,E01004696,760,227,115,112,6,337,314,23,179,170,9,11
Westminster 017E,E01004698,754,208,116,92,3,45,36,9,474,457,17,24
Westminster 017F,E01004699,1165,326,178,148,5,59,29,30,736,710,26,39
Westminster 018A,E01004734,1104,162,102,60,4,347,94,253,544,524,20,47
Westminster 018B,E01004735,977,203,129,74,4,397,119,278,349,317,32,24
Westminster 018C,E01004736,729,283,191,92,5,14,0,14,375,319,56,52
Westminster 018D,E01004761,1085,339,234,105,4,108,2,106,542,507,35,92
Westminster 019A,E01004687,799,394,284,110,6,11,2,9,308,283,25,80
Westminster 019B,E01004688,486,250,200,50,2,9,2,7,175,163,12,50
Westminster 019C,E01004689,510,252,180,72,2,35,5,30,188,165,23,33
Westminster 019D,E01004690,627,279,191,88,1,32,12,20,245,232,13,70
Westminster 019E,E01004691,816,316,244,72,5,52,1,51,360,331,29,83
Westminster 019F,E01004692,644,302,234,68,4,11,3,8,255,224,31,72
Westminster 020A,E01004731,910,340,227,113,10,64,7,57,443,394,49,53
Westminster 020B,E01004732,697,59,41,18,0,538,16,522,84,78,6,16
Westminster 020C,E01004733,926,334,233,101,17,136,21,115,370,330,40,69
Westminster 020D,E01004744,744,158,101,57,3,321,27,294,232,138,94,30
Westminster 020E,E01004748,615,336,220,116,9,37,1,36,206,178,28,27
Westminster 021A,E01004740,776,193,98,95,2,455,400,55,107,95,12,19
Westminster 021B,E01004743,713,212,129,83,2,271,234,37,214,198,16,14
Westminster 021C,E01004745,1125,411,220,191,22,332,202,130,321,295,26,39
Westminster 021D,E01004746,757,160,85,75,4,444,359,85,138,125,13,11
Westminster 021E,E01004747,1127,356,213,143,36,346,43,303,364,338,26,25
Westminster 022A,E01004742,779,290,143,147,3,127,5,122,348,330,18,11
Westminster 022B,E01004749,1185,460,280,180,40,170,10,160,481,456,25,34
Westminster 022C,E01004751,943,431,235,196,6,108,17,91,374,344,30,24
Westminster 022D,E01004752,905,241,134,107,4,396,30,366,252,233,19,12
Westminster 022E,E01004753,1041,308,178,130,2,374,22,352,336,316,20,21
Westminster 023B,E01004666,553,114,76,38,7,253,148,105,170,161,9,9
Westminster 023C,E01004667,743,180,110,70,12,348,124,224,192,175,17,11
Westminster 023D,E01004668,645,290,177,113,1,198,171,27,152,141,11,4
Westminster 023E,E01004750,951,262,156,106,5,368,307,61,292,258,34,24
Westminster 023F,E01033597,621,107,59,48,16,298,80,218,191,180,11,9
Westminster 023G,E01033599,630,50,26,24,68,423,90,333,80,67,13,9
Westminster 024A,E01004665,611,123,80,43,5,383,330,53,87,82,5,13
Westminster 024B,E01004669,758,213,120,93,5,369,298,71,158,142,16,13
Westminster 024C,E01004737,683,181,132,49,3,339,16,323,151,137,14,9
Westminster 024D,E01004738,722,289,182,107,0,78,16,62,337,321,16,18
Westminster 024E,E01004739,950,30,19,11,0,72,10,62,835,816,19,13
Westminster 024F,E01004741,698,216,114,102,7,281,129,152,186,174,12,8
Barking and Dagenham 001A,E01000027,641,290,105,185,4,291,153,138,51,48,3,5
Barking and Dagenham 001B,E01000028,612,187,59,128,7,320,269,51,82,78,4,16
Barking and Dagenham 001C,E01000029,690,562,345,217,3,55,41,14,64,59,5,6
Barking and Dagenham 001D,E01000030,770,220,87,133,4,467,431,36,72,70,2,7
Barking and Dagenham 002A,E01000031,598,474,211,263,1,32,19,13,86,80,6,5
Barking and Dagenham 002B,E01000032,631,394,182,212,2,97,87,10,132,127,5,6
Barking and Dagenham 002C,E01000110,501,407,166,241,6,13,10,3,72,68,4,3
Barking and Dagenham 002D,E01000111,732,383,140,243,1,220,190,30,124,114,10,4
Barking and Dagenham 002E,E01000112,739,435,171,264,18,56,36,20,227,217,10,3
Barking and Dagenham 002F,E01000113,633,408,158,250,6,28,17,11,189,182,7,2
Barking and Dagenham 003A,E01000034,517,244,73,171,8,206,162,44,52,52,0,7
Barking and Dagenham 003B,E01000037,579,520,215,305,2,15,9,6,39,37,2,3
Barking and Dagenham 003C,E01000038,563,434,232,202,1,76,75,1,50,45,5,2
Barking and Dagenham 003D,E01000039,659,489,198,291,5,74,22,52,87,79,8,4
Barking and Dagenham 004A,E01000063,635,350,138,212,1,212,201,11,68,65,3,4
Barking and Dagenham 004B,E01000100,615,324,110,214,1,207,185,22,75,67,8,8
Barking and Dagenham 004C,E01000101,567,290,103,187,0,204,179,25,67,64,3,6
Barking and Dagenham 004D,E01000109,608,403,155,248,4,93,75,18,102,98,4,6
Barking and Dagenham 004E,E01000114,758,490,205,285,12,77,62,15,170,162,8,9
Barking and Dagenham 006A,E01000033,533,221,87,134,0,277,252,25,31,28,3,4
Barking and Dagenham 006B,E01000060,770,320,126,194,17,355,332,23,70,66,4,8
Barking and Dagenham 006C,E01000061,668,70,11,59,3,567,561,6,25,23,2,3
Barking and Dagenham 006D,E01000062,761,405,177,228,4,255,238,17,90,80,10,7
Barking and Dagenham 006E,E01000064,709,363,157,206,8,209,187,22,117,108,9,12
Barking and Dagenham 007A,E01000065,774,290,104,186,1,357,327,30,118,105,13,8
Barking and Dagenham 007B,E01000078,649,284,98,186,3,256,202,54,94,82,12,12
Barking and Dagenham 007C,E01000080,594,288,99,189,1,213,190,23,88,83,5,4
Barking and Dagenham 007D,E01000081,648,351,113,238,3,199,191,8,92,86,6,3
Barking and Dagenham 007E,E01000082,672,278,83,195,37,267,240,27,85,82,3,5
Barking and Dagenham 007F,E01000083,629,307,115,192,3,222,199,23,94,87,7,3
Barking and Dagenham 007G,E01000102,625,301,96,205,1,248,230,18,70,64,6,5
Barking and Dagenham 008A,E01000021,593,233,72,161,15,163,128,35,167,162,5,15
Barking and Dagenham 008B,E01000022,474,240,83,157,27,123,114,9,73,69,4,11
Barking and Dagenham 008C,E01000023,500,204,62,142,17,136,126,10,129,123,6,14
Barking and Dagenham 008D,E01000024,456,243,83,160,1,131,121,10,75,70,5,6
Barking and Dagenham 008E,E01000025,629,302,112,190,15,227,154,73,83,79,4,2
Barking and Dagenham 008F,E01000077,560,253,76,177,4,202,154,48,92,86,6,9
Barking and Dagenham 009A,E01000015,836,305,83,222,50,269,214,55,206,193,13,6
Barking and Dagenham 009B,E01000016,626,304,95,209,2,226,207,19,89,80,9,5
Barking and Dagenham 009C,E01000017,609,293,90,203,0,239,220,19,73,70,3,4
Barking and Dagenham 009D,E01000018,612,302,86,216,3,234,216,18,67,64,3,6
Barking and Dagenham 009E,E01000079,609,287,109,178,7,227,182,45,82,71,11,6
Barking and Dagenham 010A,E01000035,567,355,166,189,2,109,82,27,95,86,9,6
Barking and Dagenham 010B,E01000036,469,363,148,215,2,19,16,3,82,77,5,3
Barking and Dagenham 010C,E01000107,601,421,194,227,3,88,72,16,84,79,5,5
Barking and Dagenham 010D,E01000108,652,382,164,218,5,73,33,40,179,174,5,13
Barking and Dagenham 011A,E01000066,683,405,149,256,1,191,182,9,77,74,3,9
Barking and Dagenham 011B,E01000067,679,451,191,260,3,129,124,5,85,76,9,11
Barking and Dagenham 011C,E01000069,513,442,178,264,2,6,5,1,58,57,1,5
Barking and Dagenham 011D,E01000070,598,467,226,241,1,36,31,5,87,87,0,7
Barking and Dagenham 011E,E01000071,785,489,191,298,5,113,32,81,169,161,8,9
Barking and Dagenham 012A,E01000057,537,218,70,148,30,215,182,33,72,69,3,2
Barking and Dagenham 012B,E01000073,627,319,105,214,1,195,186,9,102,95,7,10
Barking and Dagenham 012C,E01000074,629,264,83,181,1,266,254,12,91,90,1,7
Barking and Dagenham 012D,E01000075,622,346,131,215,2,201,194,7,67,58,9,6
Barking and Dagenham 012E,E01000076,710,292,90,202,3,304,277,27,103,90,13,8
Barking and Dagenham 013A,E01000013,650,290,117,173,2,254,217,37,99,94,5,5
Barking and Dagenham 013B,E01000014,638,297,113,184,1,240,231,9,96,91,5,4
Barking and Dagenham 013C,E01000059,578,276,90,186,3,224,191,33,71,67,4,4
Barking and Dagenham 013D,E01000084,517,211,71,140,2,214,190,24,86,81,5,4
Barking and Dagenham 013E,E01000085,640,230,87,143,1,286,210,76,115,110,5,8
Barking and Dagenham 013F,E01000086,508,244,79,165,7,195,172,23,60,58,2,2
Barking and Dagenham 014A,E01000103,600,266,80,186,1,217,93,124,109,104,5,7
Barking and Dagenham 014B,E01000104,739,210,95,115,20,425,358,67,82,79,3,2
Barking and Dagenham 014C,E01000105,915,241,95,146,32,531,439,92,106,101,5,5
Barking and Dagenham 014D,E01000106,916,263,99,164,7,431,371,60,208,199,9,7
Barking and Dagenham 015A,E01000007,612,119,25,94,16,249,131,118,222,196,26,6
Barking and Dagenham 015B,E01000008,521,88,24,64,1,347,333,14,79,75,4,6
Barking and Dagenham 015C,E01000010,1103,249,61,188,18,288,167,121,543,514,29,5
Barking and Dagenham 015D,E01000012,698,207,50,157,5,154,59,95,328,320,8,4
Barking and Dagenham 016A,E01000006,543,345,136,209,0,18,11,7,178,163,15,2
Barking and Dagenham 016B,E01000009,638,256,116,140,4,131,119,12,243,221,22,4
Barking and Dagenham 016C,E01000011,457,230,87,143,7,35,25,10,173,160,13,12
Barking and Dagenham 016D,E01000044,629,371,144,227,8,72,42,30,173,164,9,5
Barking and Dagenham 016E,E01000068,462,350,158,192,2,11,9,2,93,87,6,6
Barking and Dagenham 017A,E01000041,607,303,92,211,3,220,204,16,78,70,8,3
Barking and Dagenham 017B,E01000042,679,182,49,133,3,370,289,81,116,110,6,8
Barking and Dagenham 017C,E01000045,602,241,74,167,5,234,217,17,122,114,8,0
Barking and Dagenham 017D,E01000046,654,317,111,206,14,230,191,39,90,82,8,3
Barking and Dagenham 017E,E01000072,784,248,77,171,19,351,262,89,159,154,5,7
Barking and Dagenham 018A,E01000054,638,309,114,195,1,236,216,20,84,81,3,8
Barking and Dagenham 018B,E01000055,560,286,79,207,5,190,174,16,73,68,5,6
Barking and Dagenham 018C,E01000056,573,215,67,148,18,242,124,118,90,88,2,8
Barking and Dagenham 018D,E01000058,690,299,85,214,40,230,197,33,115,112,3,6
Barking and Dagenham 018E,E01000095,549,284,59,225,4,147,133,14,110,104,6,4
Barking and Dagenham 019A,E01000040,640,226,76,150,1,317,291,26,95,92,3,1
Barking and Dagenham 019B,E01000043,461,237,85,152,2,155,149,6,63,62,1,4
Barking and Dagenham 019C,E01000050,615,235,100,135,10,239,223,16,121,110,11,10
Barking and Dagenham 019D,E01000052,769,383,137,246,2,210,187,23,166,157,9,8
Barking and Dagenham 019E,E01000092,975,401,123,278,38,339,200,139,188,156,32,9
Barking and Dagenham 020A,E01000053,645,216,67,149,22,239,134,105,161,156,5,7
Barking and Dagenham 020B,E01000087,503,223,70,153,13,164,142,22,100,95,5,3
Barking and Dagenham 020C,E01000088,640,384,150,234,6,74,26,48,173,167,6,3
Barking and Dagenham 020D,E01000089,612,417,145,272,2,48,34,14,137,131,6,8
Barking and Dagenham 020E,E01000090,549,352,150,202,1,40,36,4,146,138,8,10
Barking and Dagenham 021B,E01000048,644,44,9,35,2,525,519,6,68,61,7,5
Barking and Dagenham 021C,E01000049,643,135,56,79,12,429,421,8,62,56,6,5
Barking and Dagenham 021D,E01000051,725,73,15,58,24,552,529,23,61,55,6,15
Barking and Dagenham 021E,E01033587,631,132,23,109,29,246,215,31,218,208,10,6
Barking and Dagenham 021F,E01033588,618,98,26,72,54,309,245,64,154,140,14,3
Barking and Dagenham 022A,E01000091,633,184,69,115,2,350,337,13,93,87,6,4
Barking and Dagenham 022B,E01000093,642,165,42,123,5,370,361,9,96,91,5,6
Barking and Dagenham 022C,E01000094,517,225,46,179,20,128,74,54,140,131,9,4
Barking and Dagenham 022D,E01000096,639,143,46,97,4,423,410,13,67,62,5,2
Barking and Dagenham 023A,E01000019,504,282,112,170,0,126,115,11,91,79,12,5
Barking and Dagenham 023B,E01000020,650,328,96,232,12,207,175,32,94,88,6,9
Barking and Dagenham 023C,E01000097,708,280,103,177,4,321,233,88,97,86,11,6
Barking and Dagenham 023D,E01000098,625,269,92,177,3,221,205,16,126,118,8,6
Barking and Dagenham 023E,E01000099,666,336,116,220,13,221,188,33,91,82,9,5
Barking and Dagenham 023F,E01032580,471,167,64,103,7,144,80,64,149,138,11,4
Barnet 001A,E01000248,666,475,203,272,1,48,8,40,134,123,11,8
Barnet 001B,E01000249,572,503,251,252,5,6,4,2,53,46,7,5
Barnet 001C,E01000250,979,571,270,301,32,91,49,42,268,261,7,17
Barnet 001D,E01000254,622,520,254,266,1,14,4,10,72,69,3,15
Barnet 001E,E01000292,629,457,264,193,3,47,20,27,115,108,7,7
Barnet 001F,E01000293,642,515,265,250,1,8,2,6,111,105,6,7
Barnet 002A,E01000167,522,308,114,194,4,172,153,19,35,35,0,3
Barnet 002B,E01000246,654,532,310,222,2,16,11,5,93,92,1,11
Barnet 002C,E01000247,746,513,219,294,11,38,14,24,183,174,9,1
Barnet 002D,E01000251,947,495,224,271,6,140,46,94,288,278,10,18
Barnet 002E,E01000252,753,424,183,241,10,146,52,94,164,157,7,9
Barnet 003A,E01000166,648,469,229,240,1,70,59,11,99,94,5,9
Barnet 003B,E01000168,576,503,274,229,2,8,5,3,59,54,5,4
Barnet 003C,E01000169,670,441,191,250,21,29,7,22,171,163,8,8
Barnet 003D,E01000172,602,485,257,228,0,26,8,18,75,63,12,16
Barnet 004A,E01000285,610,415,201,214,15,113,43,70,63,61,2,4
Barnet 004B,E01000287,622,341,129,212,7,220,139,81,44,42,2,10
Barnet 004C,E01000288,568,409,185,224,6,88,68,20,55,44,11,10
Barnet 004D,E01000289,631,185,78,107,12,373,327,46,53,50,3,8
Barnet 004E,E01000291,602,195,105,90,41,323,265,58,37,32,5,6
Barnet 004F,E01000294,672,406,181,225,1,142,78,64,117,111,6,6
Barnet 005A,E01000267,567,459,228,231,1,13,9,4,92,87,5,2
Barnet 005B,E01000268,745,389,188,201,10,27,10,17,304,291,13,15
Barnet 005C,E01000269,535,447,219,228,3,24,15,9,57,55,2,4
Barnet 005D,E01000270,626,478,243,235,0,25,4,21,121,113,8,2
Barnet 006A,E01000170,656,408,185,223,3,118,105,13,120,115,5,7
Barnet 006B,E01000171,856,397,137,260,4,66,34,32,371,356,15,18
Barnet 006C,E01000173,617,506,225,281,1,40,7,33,68,59,9,2
Barnet 006D,E01000174,766,421,165,256,3,98,39,59,240,232,8,4
Barnet 006E,E01000175,618,501,249,252,3,14,3,11,91,86,5,9
Barnet 007A,E01000228,475,357,141,216,1,59,55,4,51,48,3,7
Barnet 007B,E01000253,597,534,319,215,0,6,4,2,44,39,5,13
Barnet 007C,E01000279,513,438,261,177,2,6,4,2,56,53,3,11
Barnet 007D,E01000280,497,446,274,172,1,7,6,1,33,31,2,10
Barnet 007E,E01000286,654,373,154,219,2,190,148,42,77,75,2,12
Barnet 007F,E01000290,674,501,301,200,4,117,111,6,42,41,1,10
Barnet 008A,E01000271,582,469,282,187,4,9,6,3,92,88,4,8
Barnet 008B,E01000272,468,407,229,178,0,6,2,4,49,47,2,6
Barnet 008C,E01000273,648,365,208,157,7,115,61,54,154,147,7,7
Barnet 008D,E01000281,480,172,99,73,10,84,19,65,206,162,44,8
Barnet 008E,E01000282,639,486,260,226,0,17,6,11,132,128,4,4
Barnet 009A,E01000115,485,446,237,209,0,6,0,6,33,27,6,0
Barnet 009B,E01000116,623,502,219,283,1,41,5,36,70,68,2,9
Barnet 009C,E01000119,607,509,264,245,1,24,6,18,64,59,5,9
Barnet 009D,E01000120,505,451,237,214,0,2,2,0,50,47,3,2
Barnet 009E,E01000122,522,445,206,239,2,8,4,4,63,62,1,4
Barnet 010A,E01000117,762,611,331,280,18,7,5,2,118,111,7,8
Barnet 010B,E01000118,709,581,276,305,18,19,12,7,84,80,4,7
Barnet 010C,E01000121,501,207,91,116,16,240,46,194,35,29,6,3
Barnet 010D,E01000123,685,498,197,301,30,27,13,14,122,116,6,8
Barnet 010E,E01000124,660,319,128,191,3,173,124,49,161,151,10,4
Barnet 011A,E01000265,791,452,178,274,1,84,36,48,240,228,12,14
Barnet 011B,E01000266,511,461,233,228,1,5,2,3,36,30,6,8
Barnet 011C,E01000274,699,430,174,256,0,142,110,32,111,106,5,16
Barnet 011D,E01000320,628,455,255,200,2,31,8,23,133,127,6,7
Barnet 011E,E01000322,774,391,179,212,10,72,36,36,291,283,8,10
Barnet 012A,E01000275,644,398,203,195,7,49,29,20,184,177,7,6
Barnet 012B,E01000277,777,301,167,134,5,207,37,170,252,240,12,12
Barnet 012C,E01000283,480,418,239,179,0,7,4,3,50,49,1,5
Barnet 012D,E01000284,780,409,199,210,12,125,101,24,220,206,14,14
Barnet 012E,E01000321,700,354,141,213,5,49,28,21,285,272,13,7
Barnet 013A,E01000195,697,267,81,186,36,196,114,82,189,182,7,9
Barnet 013B,E01000229,600,345,133,212,3,138,86,52,109,102,7,5
Barnet 013C,E01000230,650,527,286,241,1,16,15,1,95,90,5,11
Barnet 013D,E01000231,654,480,183,297,4,32,27,5,134,125,9,4
Barnet 013E,E01000232,706,487,224,263,3,88,6,82,120,104,16,8
Barnet 013F,E01000233,635,465,190,275,5,28,3,25,123,119,4,14
Barnet 014A,E01000186,501,439,198,241,0,16,12,4,43,43,0,3
Barnet 014B,E01000187,593,364,168,196,1,131,17,114,89,88,1,8
Barnet 014C,E01000188,516,450,217,233,1,7,5,2,45,44,1,13
Barnet 014D,E01000189,711,87,33,54,25,482,381,101,106,100,6,11
Barnet 014E,E01000190,546,434,225,209,3,44,22,22,60,58,2,5
Barnet 014F,E01000191,530,446,247,199,2,6,5,1,68,63,5,8
Barnet 015A,E01000158,564,344,140,204,5,91,65,26,118,109,9,6
Barnet 015B,E01000159,645,455,211,244,2,84,68,16,97,93,4,7
Barnet 015C,E01000160,923,551,182,369,4,32,18,14,327,313,14,9
Barnet 015D,E01000161,710,372,145,227,0,74,32,42,209,193,16,55
Barnet 015E,E01000162,552,383,177,206,2,51,8,43,113,107,6,3
Barnet 015F,E01000324,655,465,211,254,1,59,30,29,125,122,3,5
Barnet 016A,E01000256,656,496,207,289,3,31,28,3,121,114,7,5
Barnet 016B,E01000258,696,508,263,245,1,21,10,11,159,150,9,7
Barnet 016C,E01000263,499,464,219,245,0,5,2,3,27,25,2,3
Barnet 016D,E01000264,634,343,160,183,0,44,37,7,235,226,9,12
Barnet 017A,E01000255,527,317,148,169,3,126,102,24,71,56,15,10
Barnet 017B,E01000257,724,242,137,105,8,300,125,175,140,123,17,34
Barnet 017C,E01000261,646,471,265,206,1,79,5,74,70,55,15,25
Barnet 017D,E01000262,752,464,216,248,3,155,40,115,107,102,5,23
Barnet 018A,E01000192,683,399,222,177,4,20,8,12,246,237,9,14
Barnet 018B,E01000193,594,397,201,196,0,25,5,20,163,155,8,9
Barnet 018C,E01000194,610,330,166,164,0,20,9,11,244,238,6,16
Barnet 018D,E01000226,630,276,93,183,4,263,210,53,78,72,6,9
Barnet 018E,E01000227,603,484,227,257,0,15,6,9,100,96,4,4
Barnet 019A,E01000299,782,346,151,195,3,44,11,33,378,363,15,11
Barnet 019B,E01000300,667,419,174,245,5,73,54,19,158,148,10,12
Barnet 019C,E01000302,840,322,166,156,2,142,116,26,345,331,14,29
Barnet 019D,E01000317,657,393,178,215,2,50,34,16,194,190,4,18
Barnet 019E,E01000318,610,465,234,231,1,37,26,11,98,97,1,9
Barnet 019F,E01000323,865,401,200,201,4,38,18,20,402,387,15,20
Barnet 020A,E01000276,506,420,222,198,0,0,0,0,85,84,1,1
Barnet 020B,E01000278,498,397,227,170,1,6,4,2,90,89,1,4
Barnet 020C,E01000301,528,374,198,176,1,4,3,1,139,137,2,10
Barnet 020D,E01000303,540,383,202,181,3,18,5,13,131,129,2,5
Barnet 020E,E01000304,621,338,135,203,6,37,31,6,234,229,5,6
Barnet 021A,E01000130,570,219,59,160,49,202,118,84,91,83,8,9
Barnet 021B,E01000132,495,195,64,131,2,208,167,41,83,79,4,7
Barnet 021C,E01000133,565,219,79,140,4,270,230,40,69,66,3,3
Barnet 021D,E01000234,650,440,201,239,2,20,7,13,182,177,5,6
Barnet 021E,E01000235,582,274,109,165,3,182,125,57,117,112,5,6
Barnet 022A,E01000156,751,427,174,253,3,47,34,13,256,239,17,18
Barnet 022B,E01000157,689,399,156,243,1,88,58,30,194,184,10,7
Barnet 022C,E01000163,759,280,75,205,17,245,183,62,205,193,12,12
Barnet 022D,E01000164,648,274,96,178,2,190,153,37,170,161,9,12
Barnet 022E,E01000165,707,466,196,270,5,28,19,9,163,155,8,45
Barnet 022F,E01000315,614,247,96,151,17,295,180,115,49,48,1,6
Barnet 023A,E01000197,707,366,172,194,0,12,4,8,322,311,11,7
Barnet 023B,E01000295,686,399,213,186,1,22,8,14,253,247,6,11
Barnet 023C,E01000296,734,324,162,162,4,41,2,39,357,340,17,8
Barnet 023D,E01000298,733,349,174,175,2,56,11,45,317,302,15,9
Barnet 024A,E01000125,1015,343,88,255,40,316,182,134,301,287,14,15
Barnet 024B,E01000127,514,206,61,145,3,222,203,19,76,73,3,7
Barnet 024C,E01000128,624,319,133,186,8,187,173,14,101,95,6,9
Barnet 024D,E01000129,624,169,56,113,3,263,216,47,176,169,7,13
Barnet 024E,E01000131,634,348,167,181,1,78,67,11,199,189,10,8
Barnet 024F,E01000134,625,260,91,169,3,191,166,25,165,154,11,6
Barnet 025A,E01000198,685,525,207,318,2,3,2,1,147,140,7,8
Barnet 025B,E01000199,671,523,321,202,1,6,5,1,133,122,11,8
Barnet 025C,E01000204,687,426,216,210,1,70,39,31,179,171,8,11
Barnet 025D,E01000259,980,644,277,367,3,71,7,64,249,234,15,13
Barnet 025E,E01000260,761,477,188,289,4,50,14,36,225,214,11,5
Barnet 026A,E01000126,726,153,52,101,74,334,37,297,150,147,3,15
Barnet 026B,E01000151,617,93,27,66,9,463,405,58,46,40,6,6
Barnet 026C,E01000152,564,91,30,61,13,392,331,61,61,58,3,7
Barnet 026D,E01000153,620,125,50,75,6,426,165,261,57,51,6,6
Barnet 026E,E01000154,501,125,43,82,1,271,243,28,90,74,16,14
Barnet 027A,E01000176,698,209,81,128,20,388,73,315,72,66,6,9
Barnet 027B,E01000178,695,424,229,195,8,101,72,29,153,149,4,9
Barnet 027C,E01000184,503,166,69,97,10,258,71,187,62,61,1,7
Barnet 027D,E01000297,554,341,157,184,5,45,23,22,158,144,14,5
Barnet 027E,E01000316,874,435,175,260,15,114,19,95,302,294,8,8
Barnet 027F,E01000319,529,375,163,212,3,49,36,13,95,90,5,7
Barnet 028A,E01000196,896,355,227,128,4,19,16,3,494,478,16,24
Barnet 028B,E01000200,863,553,355,198,1,39,24,15,240,219,21,30
Barnet 028C,E01000201,517,421,249,172,2,7,1,6,75,70,5,12
Barnet 028D,E01000202,648,428,198,230,0,18,14,4,187,183,4,15
Barnet 028E,E01000203,613,320,168,152,1,135,118,17,136,130,6,21
Barnet 029A,E01000177,690,444,208,236,3,28,13,15,209,202,7,6
Barnet 029B,E01000179,763,477,162,315,1,29,18,11,252,242,10,4
Barnet 029C,E01000180,689,280,146,134,3,245,158,87,150,139,11,11
Barnet 029D,E01000181,669,395,198,197,4,19,9,10,242,242,0,9
Barnet 029E,E01000182,746,421,235,186,3,25,4,21,285,276,9,12
Barnet 029F,E01000185,606,134,39,95,2,336,267,69,120,115,5,14
Barnet 030A,E01000147,544,399,219,180,2,10,7,3,125,116,9,8
Barnet 030B,E01000148,725,278,124,154,6,257,144,113,169,160,9,15
Barnet 030D,E01000155,797,230,78,152,9,99,29,70,452,437,15,7
Barnet 030E,E01033572,571,334,165,169,6,36,8,28,185,172,13,10
Barnet 030F,E01033573,607,158,29,129,71,100,7,93,275,266,9,3
Barnet 031A,E01000239,877,370,140,230,6,83,3,80,411,395,16,7
Barnet 031B,E01000240,582,381,164,217,6,23,9,14,163,156,7,9
Barnet 031C,E01000241,696,412,199,213,1,52,9,43,226,215,11,5
Barnet 031D,E01000309,619,335,175,160,20,31,14,17,227,217,10,6
Barnet 032A,E01000237,740,345,195,150,6,11,6,5,365,349,16,13
Barnet 032B,E01000242,597,358,188,170,0,102,8,94,119,108,11,18
Barnet 032C,E01000243,791,381,202,179,2,39,22,17,358,346,12,11
Barnet 032D,E01000244,582,284,149,135,7,81,39,42,199,180,19,11
Barnet 032E,E01000245,811,207,106,101,3,356,332,24,221,207,14,24
Barnet 032F,E01000314,658,339,193,146,1,12,8,4,291,286,5,15
Barnet 033A,E01000183,584,379,198,181,2,48,22,26,146,140,6,9
Barnet 033B,E01000206,514,365,249,116,1,16,1,15,105,92,13,27
Barnet 033C,E01000207,608,403,246,157,1,38,10,28,149,139,10,17
Barnet 033D,E01000208,619,457,271,186,1,10,4,6,134,128,6,17
Barnet 033E,E01000210,600,419,205,214,0,12,6,6,158,150,8,11
Barnet 033F,E01000213,465,347,211,136,0,59,2,57,51,47,4,8
Barnet 034A,E01000236,674,328,183,145,1,55,48,7,272,265,7,18
Barnet 034B,E01000238,615,348,152,196,1,40,6,34,214,211,3,12
Barnet 034C,E01000310,701,335,196,139,3,49,31,18,303,289,14,11
Barnet 034D,E01000311,470,340,186,154,2,5,3,2,113,102,11,10
Barnet 035A,E01000205,619,516,247,269,0,10,9,1,85,81,4,8
Barnet 035B,E01000209,747,535,352,183,4,95,3,92,105,103,2,8
Barnet 035C,E01000211,861,354,189,165,3,49,33,16,438,422,16,17
Barnet 035D,E01000212,529,359,247,112,3,14,11,3,151,142,9,2
Barnet 035E,E01000216,684,365,196,169,3,48,25,23,255,247,8,13
Barnet 035F,E01000217,521,333,187,146,2,6,2,4,173,167,6,7
Barnet 036A,E01000150,744,450,222,228,9,103,42,61,175,163,12,7
Barnet 036B,E01000305,637,266,158,108,2,158,135,23,202,199,3,9
Barnet 036C,E01000306,558,332,181,151,11,33,14,19,177,175,2,5
Barnet 036D,E01000308,669,153,74,79,0,435,406,29,71,67,4,10
Barnet 036E,E01000312,710,312,105,207,6,152,121,31,231,221,10,9
Barnet 036F,E01000313,672,300,144,156,1,61,41,20,295,284,11,15
Barnet 037A,E01000145,444,276,147,129,3,3,0,3,154,148,6,8
Barnet 037B,E01000215,680,357,220,137,0,59,6,53,249,243,6,15
Barnet 037C,E01000218,573,269,171,98,4,12,8,4,275,264,11,13
Barnet 037D,E01000219,581,250,133,117,5,15,2,13,299,289,10,12
Barnet 037E,E01000220,593,209,114,95,4,75,3,72,292,276,16,13
Barnet 037F,E01000225,529,314,147,167,1,86,4,82,121,114,7,7
Barnet 038A,E01000135,541,358,215,143,2,10,1,9,161,149,12,10
Barnet 038B,E01000136,563,383,271,112,6,3,0,3,154,146,8,17
Barnet 038C,E01000144,607,230,137,93,3,12,3,9,349,333,16,13
Barnet 038D,E01000146,744,244,155,89,4,68,39,29,409,394,15,19
Barnet 038E,E01000214,717,394,214,180,1,4,2,2,299,290,9,19
Barnet 039A,E01000141,864,247,89,158,5,152,41,111,445,423,22,15
Barnet 039B,E01000221,485,104,54,50,12,287,163,124,73,72,1,9
Barnet 039C,E01000223,478,207,78,129,9,162,153,9,95,92,3,5
Barnet 039D,E01000307,530,297,139,158,2,109,100,9,116,113,3,6
Barnet 040A,E01000138,523,303,181,122,2,36,32,4,164,161,3,18
Barnet 040B,E01000142,950,401,159,242,10,52,3,49,471,456,15,16
Barnet 040C,E01000222,506,291,161,130,0,62,49,13,146,135,11,7
Barnet 040D,E01000224,524,344,189,155,3,8,3,5,159,153,6,10
Barnet 041A,E01000137,669,227,104,123,6,284,249,35,140,133,7,12
Barnet 041B,E01000139,560,348,209,139,1,26,23,3,167,156,11,18
Barnet 041C,E01000140,683,283,151,132,3,71,56,15,312,286,26,14
Barnet 041D,E01000143,538,160,80,80,8,241,193,48,124,119,5,5
Bexley 001A,E01000466,602,214,64,150,3,302,36,266,73,70,3,10
Bexley 001B,E01000467,591,314,59,255,2,131,9,122,139,131,8,5
Bexley 001C,E01000468,890,493,71,422,1,97,17,80,293,278,15,6
Bexley 001D,E01000469,645,373,102,271,13,92,19,73,161,153,8,6
Bexley 002A,E01000416,517,308,124,184,3,103,6,97,99,96,3,4
Bexley 002B,E01000418,754,462,176,286,5,151,15,136,135,121,14,1
Bexley 002C,E01000422,681,109,40,69,0,519,35,484,45,38,7,8
Bexley 002D,E01000464,546,193,60,133,1,278,27,251,68,61,7,6
Bexley 002E,E01000465,707,172,54,118,0,452,48,404,68,63,5,15
Bexley 002F,E01000470,590,116,52,64,0,404,35,369,67,58,9,3
Bexley 003A,E01000333,793,472,197,275,1,155,16,139,157,142,15,8
Bexley 003B,E01000335,638,337,117,220,6,145,21,124,136,128,8,14
Bexley 003C,E01000336,793,315,86,229,5,301,46,255,165,152,13,7
Bexley 003D,E01000337,663,463,156,307,5,73,10,63,119,113,6,3
Bexley 003E,E01000338,693,482,171,311,2,25,1,24,177,164,13,7
Bexley 004A,E01000403,990,388,198,190,103,380,37,343,112,103,9,7
Bexley 004B,E01000404,959,298,59,239,33,243,32,211,368,356,12,17
Bexley 004C,E01000405,522,341,89,252,2,71,8,63,104,97,7,4
Bexley 004D,E01000408,570,406,128,278,3,34,4,30,116,107,9,11
Bexley 005A,E01000332,611,487,261,226,1,46,6,40,71,61,10,6
Bexley 005B,E01000402,660,364,134,230,5,168,16,152,119,112,7,4
Bexley 005C,E01000406,594,428,138,290,3,30,5,25,128,123,5,5
Bexley 005D,E01000407,630,487,291,196,7,71,7,64,62,60,2,3
Bexley 006A,E01000334,640,518,250,268,12,32,5,27,74,68,6,4
Bexley 006B,E01000417,713,454,235,219,24,136,22,114,91,84,7,8
Bexley 006C,E01000419,594,556,303,253,0,8,2,6,28,26,2,2
Bexley 006D,E01000420,604,531,270,261,3,20,2,18,48,44,4,2
Bexley 006E,E01000442,626,532,273,259,1,48,6,42,40,33,7,5
Bexley 007A,E01000437,498,427,192,235,4,35,8,27,29,24,5,3
Bexley 007B,E01000438,599,503,197,306,4,13,0,13,72,65,7,7
Bexley 007C,E01000439,496,340,121,219,3,60,9,51,85,80,5,8
Bexley 007D,E01000440,517,484,261,223,1,8,2,6,17,14,3,7
Bexley 007E,E01000441,672,384,141,243,6,200,27,173,75,71,4,7
Bexley 008A,E01000373,688,100,27,73,2,534,133,401,40,37,3,12
Bexley 008B,E01000429,719,260,46,214,3,211,27,184,241,226,15,4
Bexley 008C,E01000430,678,437,102,335,7,138,17,121,90,84,6,6
Bexley 008D,E01000431,681,232,70,162,2,363,76,287,75,71,4,9
Bexley 008E,E01000432,640,381,151,230,4,180,20,160,66,61,5,9
Bexley 008F,E01000433,720,332,120,212,2,299,70,229,81,76,5,6
Bexley 008G,E01000434,596,186,59,127,2,362,32,330,43,42,1,3
Bexley 009A,E01000356,628,556,335,221,2,6,1,5,59,56,3,5
Bexley 009B,E01000357,488,457,208,249,0,7,2,5,23,20,3,1
Bexley 009C,E01000359,488,453,227,226,0,4,2,2,27,24,3,4
Bexley 009D,E01000421,603,580,345,235,2,3,0,3,16,12,4,2
Bexley 009E,E01000450,645,465,190,275,11,124,16,108,43,38,5,2
Bexley 009F,E01000451,621,573,214,359,2,10,2,8,34,33,1,2
Bexley 009G,E01000452,495,458,164,294,2,9,1,8,22,15,7,4
Bexley 010A,E01000367,605,341,154,187,27,189,31,158,43,40,3,5
Bexley 010B,E01000368,632,316,101,215,10,261,24,237,42,36,6,3
Bexley 010C,E01000372,593,345,135,210,4,203,40,163,35,31,4,6
Bexley 010D,E01000380,758,305,92,213,47,317,7,310,80,77,3,9
Bexley 010E,E01000435,597,345,148,197,3,179,23,156,67,57,10,3
Bexley 011A,E01000353,662,639,369,270,2,6,3,3,12,10,2,3
Bexley 011B,E01000354,623,439,189,250,1,137,19,118,40,37,3,6
Bexley 011C,E01000355,613,579,323,256,2,6,1,5,21,19,2,5
Bexley 011D,E01000358,659,577,308,269,3,16,2,14,57,53,4,6
Bexley 011E,E01000436,615,562,279,283,0,11,0,11,41,40,1,1
Bexley 013A,E01000401,637,393,155,238,6,141,20,121,91,80,11,6
Bexley 013B,E01000453,513,469,193,276,0,5,1,4,35,30,5,4
Bexley 013C,E01000454,628,461,176,285,3,117,13,104,41,39,2,6
Bexley 013D,E01000455,605,542,252,290,3,8,1,7,46,42,4,6
Bexley 013E,E01000456,487,455,203,252,3,5,2,3,22,21,1,2
Bexley 014A,E01000325,583,542,271,271,0,5,2,3,33,28,5,3
Bexley 014B,E01000326,544,471,154,317,5,8,3,5,59,54,5,1
Bexley 014C,E01000369,626,526,230,296,5,43,9,34,49,47,2,3
Bexley 014D,E01000370,649,527,264,263,7,61,14,47,51,45,6,3
Bexley 014E,E01000371,634,566,236,330,1,11,0,11,49,38,11,7
Bexley 015A,E01000360,662,447,174,273,1,8,1,7,194,186,8,12
Bexley 015B,E01000362,626,547,311,236,0,30,8,22,42,34,8,7
Bexley 015C,E01000365,700,536,276,260,0,36,8,28,122,110,12,6
Bexley 015D,E01000366,655,529,218,311,10,22,0,22,86,81,5,8
Bexley 015E,E01000394,624,499,261,238,3,36,0,36,82,69,13,4
Bexley 016A,E01000388,621,566,315,251,10,12,1,11,30,21,9,3
Bexley 016B,E01000392,695,334,121,213,4,186,18,168,161,155,6,10
Bexley 016C,E01000409,649,606,269,337,3,5,1,4,30,27,3,5
Bexley 016D,E01000411,551,508,216,292,1,5,1,4,35,32,3,2
Bexley 016E,E01000414,674,499,261,238,14,16,1,15,137,128,9,8
Bexley 016F,E01000415,512,486,241,245,0,7,3,4,17,17,0,2
Bexley 017A,E01000327,604,533,278,255,3,32,3,29,31,27,4,5
Bexley 017B,E01000328,596,521,248,273,0,38,4,34,31,28,3,6
Bexley 017C,E01000329,517,381,194,187,0,83,10,73,49,40,9,4
Bexley 017D,E01000330,772,537,268,269,3,114,6,108,110,101,9,8
Bexley 017E,E01000331,617,403,174,229,0,171,26,145,37,34,3,6
Bexley 018A,E01000340,619,546,268,278,8,5,0,5,51,44,7,9
Bexley 018B,E01000395,499,471,228,243,0,1,1,0,22,18,4,5
Bexley 018C,E01000396,507,471,212,259,6,0,0,0,28,24,4,2
Bexley 018D,E01000410,594,531,226,305,2,4,0,4,54,52,2,3
Bexley 018E,E01000412,632,551,218,333,4,3,0,3,68,65,3,6
Bexley 018F,E01000413,505,444,176,268,3,4,1,3,50,40,10,4
Bexley 019A,E01000374,534,283,85,198,2,219,57,162,27,23,4,3
Bexley 019B,E01000375,565,394,143,251,4,122,22,100,44,42,2,1
Bexley 019C,E01000376,606,470,180,290,3,73,18,55,55,46,9,5
Bexley 019D,E01000377,649,543,244,299,3,39,4,35,59,51,8,5
Bexley 019E,E01000378,968,630,239,391,3,144,29,115,177,165,12,14
Bexley 019F,E01000379,663,488,190,298,2,118,17,101,54,52,2,1
Bexley 020A,E01000348,523,500,215,285,1,4,0,4,14,14,0,4
Bexley 020B,E01000349,650,601,299,302,0,9,2,7,36,30,6,4
Bexley 020C,E01000361,602,496,213,283,1,32,1,31,68,62,6,5
Bexley 020D,E01000363,565,503,255,248,0,7,0,7,55,49,6,0
Bexley 020E,E01000389,714,538,262,276,17,82,4,78,75,71,4,2
Bexley 020F,E01000390,515,452,230,222,3,29,3,26,29,27,2,2
Bexley 020G,E01000393,640,535,222,313,6,12,1,11,76,66,10,11
Bexley 021A,E01000346,625,580,246,334,1,6,0,6,37,32,5,1
Bexley 021B,E01000347,618,513,217,296,3,37,3,34,63,62,1,2
Bexley 021C,E01000350,521,458,216,242,2,7,0,7,53,45,8,1
Bexley 021D,E01000352,676,523,215,308,7,44,7,37,95,92,3,7
Bexley 021E,E01000391,644,547,219,328,3,41,7,34,47,43,4,6
Bexley 022A,E01000341,610,561,288,273,1,9,0,9,38,34,4,1
Bexley 022B,E01000342,644,568,222,346,6,4,2,2,60,53,7,6
Bexley 022C,E01000343,550,483,207,276,2,3,0,3,57,55,2,5
Bexley 022D,E01000345,487,448,184,264,3,2,1,1,32,30,2,2
Bexley 022E,E01000460,498,446,203,243,1,5,0,5,45,41,4,1
Bexley 023A,E01000364,651,539,283,256,0,38,6,32,68,63,5,6
Bexley 023B,E01000444,626,570,326,244,0,4,1,3,45,39,6,7
Bexley 023C,E01000447,713,494,215,279,4,64,3,61,142,134,8,9
Bexley 023D,E01000448,504,488,269,219,0,3,0,3,11,10,1,2
Bexley 023E,E01000449,648,575,343,232,0,18,1,17,52,49,3,3
Bexley 024A,E01000351,616,566,269,297,0,4,0,4,43,38,5,3
Bexley 024B,E01000443,510,390,166,224,4,81,10,71,34,31,3,1
Bexley 024C,E01000445,687,623,366,257,0,3,0,3,54,49,5,7
Bexley 024D,E01000446,602,538,198,340,2,5,1,4,53,45,8,4
Bexley 024E,E01000461,569,533,250,283,1,6,1,5,24,22,2,5
Bexley 025A,E01000339,602,439,201,238,3,121,2,119,35,34,1,4
Bexley 025B,E01000344,646,560,262,298,2,13,4,9,64,58,6,7
Bexley 025C,E01000423,609,570,275,295,3,6,1,5,27,24,3,3
Bexley 025D,E01000425,590,568,285,283,1,6,0,6,13,12,1,2
Bexley 025E,E01000463,452,416,177,239,2,2,0,2,29,25,4,3
Bexley 026A,E01000424,765,655,305,350,1,36,1,35,69,63,6,4
Bexley 026B,E01000426,712,529,207,322,6,60,8,52,110,102,8,7
Bexley 026C,E01000427,922,672,376,296,10,149,18,131,84,77,7,7
Bexley 026D,E01000457,825,493,271,222,37,36,2,34,253,234,19,6
Bexley 026E,E01000462,738,460,238,222,2,75,3,72,191,178,13,10
Bexley 027A,E01000382,587,523,274,249,0,29,3,26,32,31,1,3
Bexley 027B,E01000384,780,533,234,299,4,116,9,107,122,111,11,5
Bexley 027C,E01000387,618,534,275,259,2,39,6,33,41,39,2,2
Bexley 027D,E01000428,882,364,199,165,1,333,5,328,175,168,7,9
Bexley 027E,E01000458,631,517,306,211,0,47,2,45,64,60,4,3
Bexley 027F,E01000459,781,493,307,186,9,130,4,126,141,129,12,8
Bexley 028A,E01000381,660,417,164,253,9,169,21,148,58,52,6,7
Bexley 028B,E01000383,633,511,267,244,0,82,9,73,33,29,4,7
Bexley 028C,E01000385,770,328,128,200,38,316,49,267,74,73,1,14
Bexley 028D,E01000386,659,243,97,146,10,322,40,282,80,75,5,4
Bexley 029A,E01000398,611,436,203,233,7,113,19,94,48,44,4,7
Bexley 029B,E01000399,619,502,259,243,1,45,6,39,66,57,9,5
Bexley 029C,E01000400,590,476,218,258,2,39,4,35,72,65,7,1
Bexley 029D,E01032566,747,472,207,265,9,191,30,161,71,68,3,4
Brent 001A,E01000587,458,350,184,166,1,15,3,12,86,82,4,6
Brent 001B,E01000589,592,394,218,176,8,51,4,47,125,122,3,14
Brent 001C,E01000590,626,436,228,208,6,53,13,40,125,119,6,6
Brent 001D,E01000592,525,319,169,150,4,96,11,85,99,95,4,7
Brent 001E,E01000593,680,359,146,213,37,145,12,133,127,124,3,12
Brent 001F,E01000594,527,318,163,155,3,42,21,21,156,147,9,8
Brent 002A,E01000513,471,322,151,171,3,25,15,10,106,98,8,15
Brent 002B,E01000514,495,326,135,191,5,25,11,14,136,129,7,3
Brent 002C,E01000516,517,337,167,170,1,18,2,16,154,150,4,7
Brent 002D,E01000520,586,329,155,174,1,89,41,48,157,155,2,10
Brent 002E,E01000588,669,285,142,143,36,239,19,220,102,100,2,7
Brent 003A,E01000515,628,237,92,145,12,198,89,109,173,166,7,8
Brent 003B,E01000517,491,344,206,138,3,12,7,5,128,125,3,4
Brent 003E,E01000543,500,307,178,129,3,59,43,16,123,115,8,8
Brent 003F,E01000591,650,348,186,162,7,80,39,41,203,192,11,12
Brent 003G,E01033463,848,632,363,269,4,49,37,12,153,141,12,10
Brent 004A,E01000536,522,382,222,160,0,17,6,11,116,106,10,7
Brent 004B,E01000538,478,420,211,209,1,2,0,2,51,50,1,4
Brent 004C,E01000539,548,405,226,179,3,41,1,40,88,88,0,11
Brent 004D,E01000540,471,400,229,171,0,5,2,3,62,59,3,4
Brent 004E,E01000541,499,291,139,152,1,44,36,8,152,140,12,11
Brent 005A,E01000518,557,299,130,169,5,133,73,60,111,105,6,9
Brent 005B,E01000519,629,307,134,173,1,106,80,26,206,200,6,9
Brent 005C,E01000623,541,367,193,174,0,29,19,10,138,129,9,7
Brent 005D,E01000624,594,451,225,226,2,21,11,10,113,108,5,7
Brent 005E,E01000629,605,421,195,226,4,28,17,11,146,139,7,6
Brent 006A,E01000480,535,396,187,209,2,11,3,8,122,119,3,4
Brent 006B,E01000484,423,123,53,70,24,214,58,156,56,55,1,6
Brent 006C,E01000485,488,217,92,125,2,153,128,25,111,103,8,5
Brent 006D,E01000486,532,363,190,173,3,16,8,8,143,132,11,7
Brent 006E,E01000487,674,326,174,152,3,88,16,72,242,231,11,15
Brent 007A,E01000572,462,332,173,159,4,20,4,16,98,95,3,8
Brent 007B,E01000573,474,334,178,156,2,19,6,13,114,101,13,5
Brent 007C,E01000574,428,293,154,139,4,24,3,21,100,99,1,7
Brent 007D,E01000575,625,317,146,171,6,43,7,36,251,244,7,8
Brent 007E,E01000577,793,166,50,116,37,271,71,200,302,287,15,17
Brent 008A,E01000562,480,374,191,183,12,35,5,30,52,50,2,7
Brent 008B,E01000563,474,403,209,194,3,14,5,9,48,44,4,6
Brent 008C,E01000566,475,385,188,197,3,15,8,7,68,63,5,4
Brent 008D,E01000568,787,198,114,84,8,366,13,353,208,188,20,7
Brent 008E,E01000569,480,408,197,211,0,11,5,6,58,54,4,3
Brent 009A,E01000479,510,401,201,200,2,12,1,11,88,85,3,7
Brent 009B,E01000481,610,204,91,113,7,172,130,42,221,218,3,6
Brent 009C,E01000482,992,159,70,89,66,500,114,386,249,243,6,18
Brent 009D,E01000483,643,171,62,109,6,274,70,204,183,174,9,9
Brent 009E,E01000625,557,305,145,160,4,89,14,75,141,134,7,18
Brent 010B,E01000498,457,285,157,128,1,69,16,53,98,97,1,4
Brent 010D,E01000622,636,264,108,156,7,83,55,28,278,270,8,4
Brent 010E,E01000626,590,89,29,60,36,335,33,302,126,118,8,4
Brent 010F,E01033464,813,504,310,194,5,103,25,78,196,185,11,5
Brent 011A,E01000497,586,309,150,159,28,99,25,74,146,141,5,4
Brent 011B,E01000499,500,237,142,95,2,98,43,55,152,146,6,11
Brent 011C,E01000501,734,244,101,143,17,335,161,174,129,119,10,9
Brent 011D,E01000502,453,264,113,151,2,69,22,47,112,109,3,6
Brent 011E,E01000503,721,364,200,164,5,171,128,43,171,163,8,10
Brent 012A,E01000570,513,263,113,150,4,110,92,18,134,125,9,2
Brent 012B,E01000571,477,330,165,165,3,12,1,11,124,123,1,8
Brent 012C,E01000576,534,338,187,151,6,31,6,25,150,139,11,9
Brent 012D,E01000578,689,355,219,136,34,101,5,96,188,181,7,11
Brent 013A,E01000564,460,241,101,140,4,28,7,21,174,169,5,13
Brent 013B,E01000565,497,261,115,146,9,125,78,47,90,87,3,12
Brent 013C,E01000607,667,421,179,242,4,27,10,17,203,192,11,12
Brent 013D,E01000608,734,321,140,181,4,138,69,69,264,249,15,7
Brent 013E,E01000613,639,235,78,157,5,106,14,92,286,277,9,7
Brent 014A,E01000506,657,184,70,114,12,163,47,116,294,288,6,4
Brent 014B,E01000509,430,272,159,113,0,29,8,21,124,117,7,5
Brent 014C,E01000510,533,234,126,108,6,57,19,38,225,211,14,11
Brent 014D,E01000511,543,258,114,144,3,55,15,40,218,208,10,9
Brent 014E,E01000627,653,218,101,117,8,212,91,121,203,194,9,12
Brent 014F,E01000628,633,284,130,154,11,126,53,73,206,204,2,6
Brent 015A,E01000553,696,261,136,125,1,101,24,77,330,318,12,3
Brent 015B,E01000554,683,309,125,184,3,112,29,83,251,235,16,8
Brent 015C,E01000555,512,291,151,140,3,45,22,23,162,159,3,11
Brent 015D,E01000556,800,126,74,52,3,153,35,118,511,498,13,7
Brent 015E,E01000557,751,223,99,124,7,81,17,64,434,427,7,6
Brent 015F,E01000558,665,265,114,151,4,138,47,91,253,246,7,5
Brent 016A,E01000567,486,297,138,159,9,76,23,53,95,94,1,9
Brent 016B,E01000606,567,323,156,167,5,70,28,42,162,156,6,7
Brent 016C,E01000609,640,355,150,205,4,78,12,66,198,185,13,5
Brent 016D,E01000611,454,201,90,111,2,113,89,24,130,124,6,8
Brent 017B,E01000615,563,244,110,134,2,41,11,30,268,257,11,8
Brent 017C,E01000617,528,310,166,144,0,67,16,51,143,134,9,8
Brent 017D,E01000618,500,344,181,163,7,57,7,50,83,82,1,9
Brent 017E,E01000619,473,345,201,144,8,33,16,17,81,78,3,6
Brent 017F,E01033424,638,42,16,26,107,265,105,160,216,202,14,8
Brent 017G,E01033457,562,251,117,134,5,24,6,18,281,272,9,1
Brent 018A,E01000504,676,276,127,149,2,140,83,57,253,237,16,5
Brent 018B,E01000505,525,248,156,92,5,151,24,127,113,105,8,8
Brent 018C,E01000507,508,295,173,122,4,76,30,46,128,124,4,5
Brent 018D,E01000512,610,338,160,178,0,69,23,46,200,194,6,3
Brent 018E,E01000559,650,200,70,130,13,157,28,129,278,268,10,2
Brent 019A,E01000610,621,310,144,166,0,108,35,73,193,187,6,10
Brent 019B,E01000612,521,280,128,152,4,88,66,22,142,128,14,7
Brent 019C,E01000631,522,324,174,150,19,18,11,7,155,144,11,6
Brent 019D,E01000633,554,263,153,110,1,54,20,34,220,205,15,16
Brent 019E,E01000634,696,302,112,190,7,121,32,89,261,246,15,5
Brent 020A,E01000616,586,270,146,124,4,55,24,31,250,244,6,7
Brent 020B,E01000620,500,325,187,138,0,18,5,13,139,132,7,18
Brent 020C,E01000621,514,301,157,144,5,24,15,9,178,170,8,6
Brent 020D,E01000635,774,288,115,173,33,143,41,102,305,285,20,5
Brent 020E,E01000636,518,319,171,148,6,24,5,19,164,156,8,5
Brent 021A,E01000596,640,121,52,69,1,396,258,138,97,96,1,25
Brent 021B,E01000601,477,91,34,57,4,286,114,172,86,78,8,10
Brent 021C,E01000602,512,160,79,81,6,292,253,39,44,43,1,10
Brent 021D,E01000603,576,170,61,109,35,172,36,136,194,185,9,5
Brent 021E,E01000604,548,96,24,72,11,397,353,44,41,41,0,3
Brent 021F,E01000605,553,98,42,56,3,413,325,88,32,30,2,7
Brent 022A,E01000488,533,220,98,122,3,114,83,31,191,184,7,5
Brent 022B,E01000637,636,215,93,122,6,153,20,133,251,239,12,11
Brent 022C,E01000639,716,207,88,119,3,95,10,85,400,391,9,11
Brent 022D,E01000642,915,190,74,116,50,169,43,126,490,482,8,16
Brent 022E,E01000644,728,249,113,136,15,196,35,161,254,248,6,14
Brent 023A,E01000490,787,249,92,157,4,127,28,99,395,389,6,12
Brent 023B,E01000494,724,284,138,146,6,149,69,80,272,259,13,13
Brent 023C,E01000495,850,224,90,134,8,332,190,142,273,259,14,13
Brent 023D,E01000560,727,261,124,137,1,120,39,81,334,325,9,11
Brent 023E,E01000561,823,231,101,130,10,303,279,24,275,267,8,4
Brent 024A,E01000638,715,159,77,82,6,175,26,149,366,360,6,9
Brent 024B,E01000640,802,174,85,89,31,135,15,120,448,440,8,14
Brent 024C,E01000641,715,195,90,105,7,205,29,176,295,287,8,13
Brent 024D,E01000643,840,151,59,92,61,497,130,367,117,101,16,14
Brent 025A,E01000508,716,168,81,87,19,295,71,224,221,217,4,13
Brent 025B,E01000521,905,161,72,89,10,333,66,267,386,376,10,15
Brent 025C,E01000522,710,233,88,145,7,303,63,240,155,149,6,12
Brent 025D,E01000526,813,133,51,82,23,534,89,445,112,108,4,11
Brent 025E,E01000527,813,254,116,138,6,247,43,204,285,273,12,21
Brent 025F,E01000528,600,71,21,50,19,441,68,373,55,52,3,14
Brent 026A,E01000471,469,308,119,189,4,49,38,11,103,92,11,5
Brent 026B,E01000474,501,297,124,173,2,111,94,17,87,75,12,4
Brent 026C,E01000476,455,321,168,153,1,40,30,10,86,75,11,7
Brent 026D,E01000477,656,334,124,210,1,71,31,40,242,231,11,8
Brent 026E,E01000630,768,224,97,127,31,311,106,205,192,186,6,10
Brent 027A,E01000595,582,147,72,75,13,286,73,213,125,121,4,11
Brent 027D,E01000599,489,24,4,20,48,367,124,243,41,40,1,9
Brent 027E,E01000600,783,95,34,61,30,480,230,250,168,158,10,10
Brent 027F,E01033456,743,69,25,44,6,589,254,335,63,60,3,16
Brent 028A,E01000545,856,222,83,139,1,207,81,126,413,392,21,13
Brent 028B,E01000546,756,250,112,138,7,150,31,119,345,335,10,4
Brent 028C,E01000547,768,287,120,167,2,214,22,192,254,248,6,11
Brent 028D,E01000548,1014,266,90,176,8,295,160,135,438,419,19,7
Brent 028E,E01000549,883,411,153,258,8,142,25,117,316,306,10,6
Brent 029A,E01000472,512,208,72,136,1,29,7,22,268,260,8,6
Brent 029B,E01000473,520,248,136,112,23,64,26,38,172,153,19,13
Brent 029C,E01000475,596,305,143,162,16,95,14,81,170,160,10,10
Brent 029D,E01000478,447,287,147,140,2,45,13,32,102,92,10,11
Brent 029E,E01000632,548,345,202,143,3,13,3,10,172,158,14,15
Brent 030A,E01000489,593,297,153,144,3,143,58,85,137,131,6,13
Brent 030B,E01000491,806,354,162,192,2,195,104,91,233,225,8,22
Brent 030C,E01000492,467,324,157,167,1,45,14,31,94,89,5,3
Brent 030D,E01000493,578,412,216,196,1,42,14,28,111,104,7,12
Brent 030E,E01000581,603,272,132,140,1,120,33,87,200,190,10,10
Brent 031A,E01000523,993,264,93,171,8,322,77,245,381,372,9,18
Brent 031B,E01000524,1035,157,54,103,33,403,59,344,425,411,14,17
Brent 031C,E01000525,785,178,67,111,9,348,78,270,247,238,9,3
Brent 031E,E01000533,952,193,73,120,25,370,89,281,346,336,10,18
Brent 031F,E01000535,829,348,123,225,6,130,23,107,335,318,17,10
Brent 031G,E01033455,501,105,41,64,8,117,32,85,266,256,10,5
Brent 031H,E01033485,789,170,75,95,1,307,126,181,303,293,10,8
Brent 032A,E01000579,683,312,133,179,8,158,65,93,200,188,12,5
Brent 032B,E01000580,821,438,209,229,2,161,100,61,209,198,11,11
Brent 032C,E01000582,720,378,184,194,0,105,34,71,221,210,11,16
Brent 032D,E01000583,1017,367,150,217,4,227,113,114,406,390,16,13
Brent 032E,E01000586,1093,281,90,191,17,247,152,95,531,522,9,17
Brent 033A,E01000530,700,422,208,214,4,93,25,68,174,167,7,7
Brent 033B,E01000531,908,285,129,156,28,233,39,194,349,334,15,13
Brent 033C,E01000532,733,293,121,172,3,272,107,165,153,143,10,12
Brent 033D,E01000534,651,370,145,225,2,97,21,76,175,167,8,7
Brent 033E,E01000584,619,373,183,190,4,77,20,57,157,151,6,8
Brent 033F,E01000585,718,351,147,204,4,154,54,100,205,200,5,4
Brent 034A,E01000544,742,113,33,80,23,471,436,35,128,121,7,7
Brent 034B,E01000550,906,154,58,96,22,540,304,236,179,162,17,11
Brent 034C,E01000551,940,98,38,60,9,746,623,123,82,77,5,5
Brent 034D,E01000552,793,40,18,22,8,680,556,124,49,44,5,16
Bromley 001A,E01000779,551,413,210,203,1,49,5,44,76,71,5,12
Bromley 001B,E01000780,628,366,165,201,5,181,18,163,64,61,3,12
Bromley 001C,E01000781,614,251,77,174,19,287,35,252,52,50,2,5
Bromley 001D,E01000782,647,240,83,157,2,313,50,263,87,81,6,5
Bromley 001E,E01000783,626,304,102,202,5,243,33,210,66,63,3,8
Bromley 001F,E01000785,609,320,130,190,8,241,33,208,36,34,2,4
Bromley 002A,E01000689,612,361,159,202,4,148,21,127,91,86,5,8
Bromley 002B,E01000690,534,467,199,268,1,32,4,28,31,30,1,3
Bromley 002C,E01000691,619,427,176,251,0,121,6,115,64,57,7,7
Bromley 002D,E01000692,659,505,225,280,0,30,1,29,119,111,8,5
Bromley 002E,E01000784,582,462,168,294,5,45,4,41,67,64,3,3
Bromley 004A,E01000799,719,401,133,268,7,121,4,117,179,173,6,11
Bromley 004B,E01000802,750,405,136,269,5,186,15,171,149,139,10,5
Bromley 004C,E01000803,730,362,124,238,20,179,11,168,161,153,8,8
Bromley 004D,E01000804,548,464,221,243,0,25,1,24,57,50,7,2
Bromley 004E,E01000805,717,408,151,257,11,149,10,139,145,136,9,4
Bromley 005A,E01000740,871,287,65,222,9,195,26,169,374,360,14,6
Bromley 005B,E01000741,842,296,74,222,1,314,26,288,226,216,10,5
Bromley 005C,E01000742,1044,384,92,292,21,276,29,247,356,345,11,7
Bromley 005D,E01000745,883,384,110,274,7,225,18,207,261,255,6,6
Bromley 005E,E01000746,949,424,137,287,1,200,12,188,317,308,9,7
Bromley 006A,E01000709,787,436,226,210,2,155,12,143,185,177,8,9
Bromley 006B,E01000710,862,548,257,291,12,58,8,50,239,227,12,5
Bromley 006C,E01000711,1012,529,257,272,8,119,6,113,341,327,14,15
Bromley 006D,E01000714,1036,541,254,287,3,50,2,48,425,414,11,17
Bromley 006E,E01000718,971,427,156,271,28,321,16,305,179,171,8,16
Bromley 007A,E01000645,536,498,264,234,0,3,0,3,28,28,0,7
Bromley 007B,E01000649,774,623,327,296,12,46,0,46,88,83,5,5
Bromley 007C,E01000694,635,591,350,241,4,6,1,5,29,27,2,5
Bromley 007D,E01000695,614,519,267,252,1,25,0,25,61,58,3,8
Bromley 007E,E01000696,637,545,321,224,2,5,0,5,75,73,2,10
Bromley 007F,E01000697,765,584,260,324,2,13,0,13,155,144,11,11
Bromley 008A,E01000674,802,476,187,289,2,161,17,144,160,154,6,3
Bromley 008B,E01000676,866,356,150,206,2,207,13,194,277,260,17,24
Bromley 008C,E01000820,643,376,161,215,0,141,6,135,121,116,5,5
Bromley 008D,E01000822,727,449,180,269,1,119,29,90,152,137,15,6
Bromley 008E,E01000823,747,497,170,327,4,62,0,62,179,164,15,5
Bromley 008F,E01000824,514,313,96,217,0,80,6,74,114,111,3,7
Bromley 008G,E01000825,807,465,207,258,13,101,3,98,217,208,9,11
Bromley 009A,E01000743,841,182,51,131,53,397,58,339,205,196,9,4
Bromley 009B,E01000744,682,172,58,114,4,422,47,375,76,71,5,8
Bromley 009C,E01000796,638,105,27,78,4,475,56,419,50,46,4,4
Bromley 009D,E01000798,693,160,50,110,1,393,40,353,135,124,11,4
Bromley 009E,E01000800,780,308,100,208,19,231,26,205,218,212,6,4
Bromley 009F,E01000806,768,188,50,138,10,307,45,262,256,247,9,7
Bromley 010A,E01000693,570,444,270,174,0,47,8,39,61,56,5,18
Bromley 010B,E01000698,439,420,249,171,0,6,1,5,8,7,1,5
Bromley 010C,E01000736,618,394,152,242,6,188,23,165,22,20,2,8
Bromley 010D,E01000737,580,342,148,194,4,186,21,165,39,32,7,9
Bromley 011A,E01000672,650,506,238,268,8,22,1,21,112,105,7,2
Bromley 011B,E01000673,630,498,205,293,1,51,7,44,78,73,5,2
Bromley 011C,E01000716,702,525,292,233,2,43,6,37,128,122,6,4
Bromley 011D,E01000717,889,578,271,307,4,51,8,43,251,235,16,5
Bromley 011E,E01000828,766,538,266,272,1,102,4,98,115,109,6,10
Bromley 012A,E01000712,862,576,291,285,1,21,1,20,251,230,21,13
Bromley 012B,E01000713,885,603,278,325,0,38,1,37,236,220,16,8
Bromley 012C,E01000715,885,627,314,313,3,47,1,46,193,179,14,15
Bromley 012D,E01000770,691,529,346,183,2,6,1,5,133,123,10,21
Bromley 012E,E01000772,734,596,358,238,3,31,0,31,98,95,3,6
Bromley 013A,E01000700,666,429,112,317,34,117,6,111,80,78,2,6
Bromley 013B,E01000702,572,413,146,267,1,46,4,42,107,104,3,5
Bromley 013C,E01000703,694,423,162,261,13,67,4,63,186,176,10,5
Bromley 013D,E01000706,591,403,145,258,1,104,20,84,79,74,5,4
Bromley 013E,E01000797,679,479,197,282,2,95,9,86,91,87,4,12
Bromley 014A,E01000729,824,253,116,137,34,493,75,418,42,38,4,2
Bromley 014B,E01000730,649,231,79,152,13,355,58,297,45,41,4,5
Bromley 014C,E01000735,562,305,125,180,8,206,24,182,38,34,4,5
Bromley 014D,E01000738,632,477,219,258,2,95,11,84,54,48,6,4
Bromley 014E,E01000739,634,251,106,145,6,336,31,305,32,27,5,9
Bromley 015A,E01000699,648,333,95,238,4,136,6,130,171,162,9,4
Bromley 015B,E01000701,599,430,137,293,12,51,1,50,104,99,5,2
Bromley 015C,E01000704,593,467,172,295,10,30,2,28,79,72,7,7
Bromley 015D,E01000705,565,345,119,226,2,106,13,93,104,98,6,8
Bromley 015E,E01000801,650,398,163,235,6,128,17,111,117,108,9,1
Bromley 016A,E01000646,728,493,228,265,3,35,2,33,187,174,13,10
Bromley 016B,E01000647,635,508,177,331,1,31,6,25,89,80,9,6
Bromley 016C,E01000648,646,522,198,324,4,21,2,19,94,84,10,5
Bromley 016D,E01000653,608,498,303,195,1,63,2,61,42,40,2,4
Bromley 016E,E01000678,666,485,212,273,15,45,0,45,115,109,6,6
Bromley 018A,E01000670,864,526,268,258,1,84,2,82,244,235,9,9
Bromley 018B,E01000675,690,434,203,231,2,25,3,22,219,209,10,10
Bromley 018C,E01000677,800,528,176,352,5,32,5,27,229,220,9,6
Bromley 018D,E01000762,743,597,317,280,6,16,0,16,119,111,8,5
Bromley 018E,E01000829,734,523,225,298,0,44,1,43,158,154,4,9
Bromley 019A,E01000719,853,465,175,290,59,212,33,179,109,93,16,8
Bromley 019B,E01000720,668,349,112,237,5,219,37,182,90,79,11,5
Bromley 019C,E01000721,524,175,53,122,11,301,53,248,33,30,3,4
Bromley 019D,E01000724,674,257,85,172,1,381,67,314,32,25,7,3
Bromley 019E,E01000728,657,454,226,228,2,115,23,92,74,61,13,12
Bromley 020A,E01000651,631,488,226,262,2,71,5,66,63,61,2,7
Bromley 020B,E01000668,691,487,173,314,0,55,2,53,141,136,5,8
Bromley 020C,E01000669,740,566,211,355,6,45,6,39,118,108,10,5
Bromley 020D,E01000671,784,492,215,277,28,97,3,94,159,156,3,8
Bromley 020E,E01000679,662,538,185,353,7,19,2,17,93,82,11,5
Bromley 021A,E01000826,563,539,273,266,0,0,0,0,21,21,0,3
Bromley 021B,E01000827,790,604,354,250,1,36,0,36,142,130,12,7
Bromley 021C,E01000830,544,524,295,229,1,2,2,0,13,12,1,4
Bromley 021D,E01000831,789,586,341,245,3,77,4,73,118,113,5,5
Bromley 021E,E01000833,497,472,222,250,1,3,1,2,18,16,2,3
Bromley 022A,E01000650,750,562,282,280,1,127,4,123,54,51,3,6
Bromley 022B,E01000652,659,595,316,279,2,20,0,20,36,34,2,6
Bromley 022C,E01000807,595,483,254,229,1,17,0,17,89,81,8,5
Bromley 022D,E01000809,629,585,313,272,0,9,2,7,26,22,4,9
Bromley 023A,E01000722,704,492,195,297,7,87,11,76,111,104,7,7
Bromley 023B,E01000725,775,405,162,243,6,233,14,219,122,114,8,9
Bromley 023C,E01000731,532,352,152,200,6,141,18,123,29,27,2,4
Bromley 023D,E01000732,587,472,221,251,1,83,19,64,25,22,3,6
Bromley 023E,E01000733,651,457,211,246,18,137,16,121,36,31,5,3
Bromley 024A,E01000769,454,362,159,203,0,69,1,68,20,12,8,3
Bromley 024B,E01000773,605,470,215,255,1,89,0,89,40,36,4,5
Bromley 024C,E01000775,867,710,297,413,4,38,4,34,105,101,4,10
Bromley 024D,E01000777,565,498,227,271,1,8,1,7,54,51,3,4
Bromley 024E,E01000778,618,496,200,296,2,83,20,63,35,34,1,2
Bromley 025A,E01000808,625,555,276,279,0,36,2,34,25,25,0,9
Bromley 025B,E01000810,599,569,321,248,0,1,0,1,26,23,3,3
Bromley 025C,E01000811,571,478,220,258,1,5,0,5,84,81,3,3
Bromley 025D,E01000813,637,594,343,251,1,5,0,5,27,24,3,10
Bromley 025E,E01000815,562,542,302,240,2,2,0,2,13,11,2,3
Bromley 026A,E01000661,671,228,87,141,3,381,59,322,49,45,4,10
Bromley 026B,E01000662,680,490,204,286,20,128,21,107,39,37,2,3
Bromley 026C,E01000663,660,437,179,258,1,184,27,157,26,26,0,12
Bromley 026D,E01000664,612,450,205,245,1,128,24,104,28,26,2,5
Bromley 027A,E01000763,523,499,236,263,1,3,0,3,18,17,1,2
Bromley 027B,E01000764,633,526,255,271,1,84,9,75,22,18,4,0
Bromley 027C,E01000766,645,628,321,307,0,3,0,3,11,10,1,3
Bromley 027D,E01000767,598,567,275,292,0,3,0,3,25,25,0,3
Bromley 027E,E01000834,461,428,156,272,2,5,0,5,22,17,5,4
Bromley 028A,E01000727,687,523,278,245,4,78,5,73,77,69,8,5
Bromley 028B,E01000734,507,400,186,214,2,53,12,41,51,44,7,1
Bromley 028C,E01000790,872,521,251,270,23,95,8,87,225,211,14,8
Bromley 028D,E01000812,663,515,254,261,2,71,10,61,69,61,8,6
Bromley 028E,E01000814,564,544,292,252,1,0,0,0,18,17,1,1
Bromley 029A,E01000723,561,517,304,213,2,12,2,10,24,22,2,6
Bromley 029B,E01000726,590,489,257,232,9,15,0,15,72,69,3,5
Bromley 029C,E01000787,667,508,263,245,6,99,15,84,52,49,3,2
Bromley 029D,E01000788,618,461,231,230,18,89,14,75,45,40,5,5
Bromley 029E,E01000791,621,537,307,230,3,47,4,43,29,23,6,5
Bromley 030A,E01000832,572,514,276,238,1,4,0,4,39,34,5,14
Bromley 030B,E01000835,648,478,236,242,1,20,0,20,141,129,12,8
Bromley 030C,E01000836,500,471,198,273,2,4,1,3,20,17,3,3
Bromley 030D,E01000837,647,519,277,242,2,50,5,45,63,60,3,13
Bromley 030E,E01000838,548,507,278,229,1,8,0,8,28,23,5,4
Bromley 030F,E01000839,550,494,260,234,14,4,0,4,35,33,2,3
Bromley 030G,E01000840,685,525,304,221,0,144,2,142,12,10,2,4
Bromley 030H,E01000841,606,550,298,252,0,8,2,6,42,36,6,6
Bromley 031A,E01000753,750,685,418,267,1,6,1,5,48,43,5,10
Bromley 031B,E01000754,743,640,355,285,3,12,1,11,83,78,5,5
Bromley 031C,E01000755,615,567,309,258,0,7,0,7,38,34,4,3
Bromley 031D,E01000757,601,578,345,233,1,3,0,3,14,13,1,5
Bromley 031E,E01000758,591,520,278,242,2,36,4,32,26,22,4,7
Bromley 032A,E01000786,627,576,384,192,0,27,3,24,20,16,4,4
Bromley 032B,E01000789,657,149,48,101,13,448,59,389,41,40,1,6
Bromley 032C,E01000792,483,382,232,150,8,61,10,51,31,26,5,1
Bromley 032D,E01000793,643,607,347,260,1,10,2,8,23,21,2,2
Bromley 032E,E01000795,542,401,187,214,1,116,15,101,22,20,2,2
Bromley 033A,E01000665,757,601,278,323,15,42,5,37,93,87,6,6
Bromley 033B,E01000666,776,691,413,278,0,5,0,5,73,70,3,7
Bromley 033C,E01000667,622,593,332,261,0,7,0,7,20,19,1,2
Bromley 033D,E01000756,594,537,308,229,0,12,3,9,36,36,0,9
Bromley 034A,E01000759,549,512,245,267,1,6,2,4,26,21,5,4
Bromley 034B,E01000760,550,466,226,240,0,14,2,12,63,57,6,7
Bromley 034C,E01000761,577,548,243,305,0,2,1,1,24,23,1,3
Bromley 034D,E01000765,679,557,265,292,2,19,2,17,94,84,10,7
Bromley 034E,E01000768,613,493,276,217,1,39,1,38,72,66,6,8
Bromley 035A,E01000681,654,624,291,333,0,3,0,3,24,21,3,3
Bromley 035B,E01000682,642,600,342,258,0,2,1,1,36,32,4,4
Bromley 035C,E01000683,705,563,233,330,5,53,5,48,80,74,6,4
Bromley 035D,E01000684,757,688,300,388,2,9,4,5,52,49,3,6
Bromley 035E,E01000794,611,577,347,230,1,9,0,9,20,16,4,4
Bromley 036A,E01000749,639,550,302,248,0,47,4,43,36,30,6,6
Bromley 036B,E01000750,665,278,140,138,2,358,9,349,21,20,1,6
Bromley 036C,E01000751,807,665,338,327,5,51,3,48,80,70,10,6
Bromley 036D,E01000752,778,647,412,235,1,57,1,56,67,57,10,6
Bromley 037A,E01000680,646,566,314,252,2,16,1,15,55,44,11,7
Bromley 037B,E01000685,618,479,208,271,5,83,11,72,49,43,6,2
Bromley 037C,E01000686,648,513,266,247,17,78,11,67,34,30,4,6
Bromley 037D,E01000687,656,576,313,263,2,13,2,11,62,57,5,3
Bromley 037E,E01000688,504,463,233,230,0,13,1,12,23,20,3,5
Bromley 039A,E01000654,486,449,165,284,4,5,0,5,26,24,2,2
Bromley 039B,E01000655,494,438,164,274,4,18,0,18,29,28,1,5
Bromley 039C,E01000656,517,489,206,283,2,6,3,3,16,16,0,4
Bromley 039D,E01000657,674,500,209,291,17,93,8,85,57,52,5,7
Bromley 039E,E01000659,520,488,174,314,0,8,1,7,23,19,4,1
Bromley 040A,E01000816,592,496,226,270,4,44,3,41,46,40,6,2
Bromley 040B,E01000818,568,503,243,260,1,33,3,30,28,23,5,3
Bromley 040C,E01000819,740,355,136,219,20,277,20,257,79,71,8,9
Bromley 040D,E01032562,623,301,134,167,1,267,42,225,47,38,9,7
Bromley 040E,E01032563,568,502,288,214,2,12,1,11,47,43,4,5
Bromley 041A,E01000707,536,477,157,320,2,9,0,9,48,44,4,0
Bromley 041B,E01000708,650,503,210,293,9,46,1,45,84,76,8,8
Bromley 041C,E01000771,620,551,269,282,1,12,2,10,47,45,2,9
Bromley 041D,E01000774,581,485,216,269,4,21,3,18,62,61,1,9
Bromley 041E,E01032568,647,361,139,222,9,193,18,175,80,75,5,4
Bromley 042A,E01000658,550,508,313,195,2,13,3,10,22,18,4,5
Bromley 042B,E01000747,773,580,294,286,14,55,3,52,118,76,42,6
Bromley 042C,E01000748,670,596,361,235,3,12,1,11,41,36,5,18
Bromley 042D,E01032570,669,566,296,270,5,37,1,36,51,44,7,10
Croydon 001A,E01001137,875,478,229,249,12,144,124,20,224,208,16,17
Croydon 001B,E01001138,774,415,160,255,21,145,63,82,186,175,11,7
Croydon 001C,E01001156,721,341,127,214,4,248,136,112,121,114,7,7
Croydon 001D,E01001162,767,337,114,223,14,260,161,99,154,146,8,2
Croydon 001E,E01001164,962,369,101,268,1,205,69,136,380,358,22,7
Croydon 002A,E01001084,665,524,278,246,3,24,5,19,101,96,5,13
Croydon 002B,E01001157,615,441,166,275,0,80,66,14,89,83,6,5
Croydon 002C,E01001159,741,495,240,255,5,67,29,38,170,155,15,4
Croydon 002D,E01001160,627,490,229,261,7,20,4,16,96,88,8,14
Croydon 002E,E01001163,798,518,189,329,36,73,42,31,163,150,13,8
Croydon 003A,E01001083,536,465,237,228,1,10,5,5,57,53,4,3
Croydon 003B,E01001086,603,471,192,279,1,28,21,7,98,96,2,5
Croydon 003C,E01001087,848,338,148,190,37,144,87,57,313,295,18,16
Croydon 003D,E01001161,566,222,78,144,5,264,184,80,72,64,8,3
Croydon 004A,E01001085,612,350,174,176,4,91,13,78,159,154,5,8
Croydon 004B,E01001088,592,386,144,242,4,109,99,10,91,88,3,2
Croydon 004C,E01001089,715,308,119,189,1,188,182,6,206,197,9,12
Croydon 004D,E01001090,922,362,139,223,38,231,140,91,283,266,17,8
Croydon 004E,E01001091,562,417,191,226,1,12,8,4,120,114,6,12
Croydon 005A,E01001147,620,282,93,189,2,170,94,76,158,147,11,8
Croydon 005B,E01001148,673,424,137,287,13,81,41,40,149,138,11,6
Croydon 005C,E01001151,671,276,93,183,1,234,95,139,150,145,5,10
Croydon 005D,E01001152,674,294,107,187,2,111,38,73,257,234,23,10
Croydon 005E,E01001158,700,375,112,263,15,122,52,70,178,163,15,10
Croydon 006A,E01001146,607,411,133,278,0,63,28,35,124,113,11,9
Croydon 006B,E01001149,619,427,129,298,4,49,12,37,129,118,11,10
Croydon 006C,E01001150,620,453,142,311,8,32,3,29,123,110,13,4
Croydon 006D,E01001153,591,394,141,253,2,70,24,46,117,106,11,8
Croydon 006E,E01001154,735,371,126,245,4,137,23,114,207,199,8,16
Croydon 007A,E01001136,927,322,93,229,12,125,30,95,449,437,12,19
Croydon 007B,E01001139,694,472,169,303,6,32,6,26,183,175,8,1
Croydon 007C,E01001140,773,495,156,339,1,73,22,51,199,187,12,5
Croydon 007D,E01001142,620,432,168,264,4,55,7,48,113,108,5,16
Croydon 007E,E01001144,797,315,80,235,5,188,76,112,284,269,15,5
Croydon 008A,E01001141,568,209,58,151,17,183,63,120,155,148,7,4
Croydon 008B,E01001143,848,375,104,271,2,259,115,144,197,191,6,15
Croydon 008C,E01001145,848,192,67,125,1,397,264,133,244,225,19,14
Croydon 008D,E01001191,823,326,100,226,5,111,16,95,371,360,11,10
Croydon 008E,E01001192,727,335,97,238,1,174,61,113,208,208,0,9
Croydon 009A,E01000994,536,378,157,221,1,25,15,10,120,111,9,12
Croydon 009B,E01000995,597,355,161,194,5,29,21,8,201,188,13,7
Croydon 009C,E01000996,443,331,129,202,6,6,2,4,97,95,2,3
Croydon 009D,E01000997,471,320,139,181,1,32,14,18,114,108,6,4
Croydon 009E,E01000999,436,323,147,176,2,22,6,16,83,78,5,6
Croydon 009F,E01001002,498,307,102,205,6,49,5,44,132,124,8,4
Croydon 010A,E01000998,629,271,90,181,9,108,43,65,237,216,21,4
Croydon 010B,E01001000,454,256,104,152,3,31,13,18,161,152,9,3
Croydon 010C,E01001003,608,264,107,157,37,131,15,116,171,155,16,5
Croydon 010D,E01001111,610,388,129,259,2,72,34,38,143,133,10,5
Croydon 010E,E01001155,761,221,68,153,20,345,273,72,168,164,4,7
Croydon 011A,E01001174,523,366,161,205,2,40,2,38,113,107,6,2
Croydon 011B,E01001175,527,328,125,203,2,43,23,20,147,143,4,7
Croydon 011C,E01001176,628,337,131,206,33,96,22,74,152,141,11,10
Croydon 011D,E01001182,462,294,141,153,1,11,2,9,136,129,7,20
Croydon 011E,E01001183,550,300,125,175,1,59,13,46,183,176,7,7
Croydon 011F,E01001184,456,349,161,188,0,17,6,11,84,74,10,6
Croydon 013A,E01001001,493,259,79,180,4,91,67,24,130,122,8,9
Croydon 013B,E01001109,845,313,95,218,17,271,155,116,229,212,17,15
Croydon 013C,E01001112,763,268,86,182,29,254,50,204,202,196,6,10
Croydon 013D,E01001113,795,361,105,256,3,120,43,77,299,288,11,12
Croydon 013E,E01001114,585,191,56,135,7,241,165,76,136,131,5,10
Croydon 013F,E01001116,528,303,84,219,1,72,25,47,140,133,7,12
Croydon 014A,E01000992,723,327,105,222,6,309,221,88,74,68,6,7
Croydon 014B,E01001185,717,447,139,308,1,57,15,42,209,201,8,3
Croydon 014C,E01001186,841,394,118,276,8,186,62,124,240,230,10,13
Croydon 014D,E01001188,728,372,134,238,15,154,54,100,173,169,4,14
Croydon 014E,E01001193,583,181,51,130,65,301,9,292,35,31,4,1
Croydon 015A,E01001004,787,347,91,256,30,182,14,168,223,217,6,5
Croydon 015B,E01001115,657,247,63,184,3,278,215,63,106,104,2,23
Croydon 015C,E01001117,1113,398,104,294,70,220,76,144,411,399,12,14
Croydon 015D,E01001178,505,137,48,89,4,143,32,111,201,188,13,20
Croydon 015E,E01001181,759,193,66,127,67,290,119,171,194,182,12,15
Croydon 016A,E01001006,616,291,78,213,4,176,10,166,139,126,13,6
Croydon 016B,E01001007,605,394,146,248,4,71,26,45,131,119,12,5
Croydon 016C,E01001177,551,263,79,184,2,185,79,106,96,89,7,5
Croydon 016D,E01001179,538,360,132,228,5,30,7,23,141,134,7,2
Croydon 016E,E01001180,609,347,104,243,7,42,9,33,204,192,12,9
Croydon 017A,E01000980,566,382,117,265,2,78,9,69,99,93,6,5
Croydon 017B,E01000981,647,476,145,331,14,53,20,33,93,84,9,11
Croydon 017C,E01000982,684,428,142,286,5,72,19,53,174,160,14,5
Croydon 017D,E01000983,665,488,185,303,6,32,11,21,138,128,10,1
Croydon 017E,E01001187,809,438,134,304,34,142,85,57,186,180,6,9
Croydon 018A,E01000989,628,545,205,340,1,23,5,18,57,56,1,2
Croydon 018B,E01000991,662,605,308,297,2,14,2,12,38,33,5,3
Croydon 018C,E01001131,685,512,185,327,2,102,6,96,64,55,9,5
Croydon 018D,E01001132,607,544,319,225,1,24,2,22,38,35,3,0
Croydon 018E,E01001134,697,574,247,327,0,37,3,34,79,73,6,7
Croydon 019A,E01001005,536,305,101,204,3,33,10,23,191,184,7,4
Croydon 019B,E01001008,538,245,83,162,2,186,155,31,100,95,5,5
Croydon 019C,E01001009,609,300,104,196,27,109,37,72,167,155,12,6
Croydon 019D,E01001010,539,233,91,142,1,237,172,65,64,60,4,4
Croydon 019E,E01001011,755,275,88,187,31,175,84,91,266,251,15,8
Croydon 020A,E01001012,746,226,85,141,1,121,24,97,387,380,7,11
Croydon 020B,E01001013,899,183,57,126,9,439,382,57,254,238,16,14
Croydon 020C,E01001048,949,255,91,164,32,150,45,105,499,483,16,13
Croydon 020D,E01001110,771,221,63,158,21,190,45,145,328,315,13,11
Croydon 020E,E01001118,795,281,89,192,9,301,238,63,188,178,10,16
Croydon 021A,E01000985,515,455,217,238,1,25,3,22,30,26,4,4
Croydon 021B,E01000986,677,488,252,236,21,52,12,40,110,103,7,6
Croydon 021C,E01000987,513,465,211,254,2,5,1,4,37,33,4,4
Croydon 021D,E01000993,616,446,194,252,16,47,12,35,103,97,6,4
Croydon 022A,E01000975,710,363,149,214,1,50,25,25,290,280,10,6
Croydon 022B,E01000976,824,357,130,227,4,117,77,40,335,314,21,11
Croydon 022C,E01000977,918,350,137,213,5,229,166,63,319,303,16,15
Croydon 022D,E01000978,927,367,116,251,3,101,22,79,443,428,15,13
Croydon 022E,E01000979,790,386,162,224,21,58,14,44,318,308,10,7
Croydon 022F,E01000984,822,302,97,205,20,245,109,136,243,229,14,12
Croydon 023A,E01001044,871,548,309,239,1,33,8,25,275,265,10,14
Croydon 023B,E01001046,850,441,259,182,0,7,1,6,393,382,11,9
Croydon 023C,E01001049,505,429,264,165,0,9,2,7,63,60,3,4
Croydon 023D,E01001050,802,255,136,119,3,301,12,289,233,222,11,10
Croydon 024A,E01001014,1186,445,105,340,53,385,210,175,291,284,7,12
Croydon 024B,E01001042,836,267,87,180,30,207,51,156,322,303,19,10
Croydon 024C,E01001165,676,424,141,283,7,58,6,52,180,170,10,7
Croydon 024D,E01001166,835,308,88,220,7,247,163,84,259,239,20,14
Croydon 024E,E01001168,740,492,172,320,6,56,15,41,183,171,12,3
Croydon 025A,E01001127,574,511,245,266,0,41,35,6,19,14,5,3
Croydon 025B,E01001128,566,219,90,129,3,310,223,87,29,27,2,5
Croydon 025C,E01001130,598,94,29,65,2,458,422,36,38,34,4,6
Croydon 025D,E01001135,631,554,285,269,0,17,11,6,53,47,6,7
Croydon 026A,E01001062,571,498,270,228,1,17,2,15,46,39,7,9
Croydon 026B,E01001063,587,505,236,269,0,11,2,9,69,64,5,2
Croydon 026C,E01001064,613,549,288,261,0,13,12,1,41,38,3,10
Croydon 026D,E01001129,502,479,222,257,3,4,1,3,13,11,2,3
Croydon 026E,E01001133,726,631,406,225,3,39,13,26,35,30,5,18
Croydon 027A,E01001035,834,362,138,224,16,63,4,59,385,372,13,8
Croydon 027B,E01001043,1202,320,96,224,68,246,101,145,545,508,37,23
Croydon 027C,E01001045,953,250,114,136,80,159,54,105,453,438,15,11
Croydon 027D,E01001047,869,350,98,252,6,101,10,91,403,394,9,9
Croydon 027E,E01001170,989,394,169,225,10,187,93,94,386,361,25,12
Croydon 028A,E01001167,829,550,189,361,9,113,44,69,147,135,12,10
Croydon 028B,E01001169,651,289,112,177,3,303,252,51,46,43,3,10
Croydon 028C,E01001171,681,297,121,176,0,249,227,22,126,116,10,9
Croydon 028D,E01001172,616,211,60,151,2,352,288,64,42,41,1,9
Croydon 028E,E01001173,1089,527,219,308,45,247,46,201,251,235,16,19
Croydon 029A,E01001036,628,474,262,212,0,23,3,20,125,120,5,6
Croydon 029B,E01001037,624,318,92,226,10,129,24,105,163,159,4,4
Croydon 029C,E01001038,941,407,113,294,29,109,11,98,385,365,20,11
Croydon 029D,E01001039,583,483,249,234,7,20,1,19,67,62,5,6
Croydon 029E,E01001040,763,460,147,313,10,62,22,40,228,214,14,3
Croydon 030A,E01001051,581,160,62,98,0,391,340,51,27,27,0,3
Croydon 030B,E01001052,470,158,61,97,2,282,234,48,23,23,0,5
Croydon 030C,E01001054,594,283,123,160,1,266,231,35,39,35,4,5
Croydon 030D,E01001056,593,124,43,81,2,434,379,55,25,22,3,8
Croydon 030E,E01001057,637,71,25,46,1,541,495,46,21,21,0,3
Croydon 031A,E01001033,694,455,170,285,5,53,13,40,176,166,10,5
Croydon 031B,E01001034,660,420,140,280,15,28,7,21,192,181,11,5
Croydon 031C,E01001041,752,348,114,234,4,95,12,83,299,293,6,6
Croydon 031D,E01001095,584,369,104,265,10,34,7,27,159,152,7,12
Croydon 031E,E01001100,619,455,190,265,8,36,27,9,108,99,9,12
Croydon 032A,E01001053,527,303,125,178,2,201,151,50,18,18,0,3
Croydon 032B,E01001055,585,238,105,133,4,301,234,67,38,34,4,4
Croydon 032C,E01001077,523,422,181,241,8,54,22,32,37,35,2,2
Croydon 032D,E01001078,513,248,108,140,6,224,116,108,31,29,2,4
Croydon 032E,E01001082,560,293,111,182,3,232,182,50,28,23,5,4
Croydon 033A,E01001120,480,438,187,251,6,3,3,0,32,31,1,1
Croydon 033B,E01001122,507,453,203,250,0,6,0,6,41,36,5,7
Croydon 033C,E01001123,598,562,313,249,1,7,3,4,24,19,5,4
Croydon 033D,E01001124,609,583,345,238,0,4,2,2,19,18,1,3
Croydon 033E,E01001125,602,499,239,260,0,11,11,0,85,81,4,7
Croydon 034A,E01001058,521,450,197,253,7,22,6,16,39,37,2,3
Croydon 034B,E01001059,692,516,211,305,4,22,5,17,146,135,11,4
Croydon 034C,E01001060,657,504,190,314,8,48,25,23,94,80,14,3
Croydon 034D,E01001061,642,414,137,277,2,91,66,25,130,115,15,5
Croydon 034E,E01001065,672,506,229,277,2,15,6,9,145,132,13,4
Croydon 034F,E01001066,493,178,63,115,4,270,214,56,37,34,3,4
Croydon 034G,E01001119,576,524,249,275,2,24,5,19,23,19,4,3
Croydon 034H,E01001126,598,530,257,273,2,18,8,10,42,38,4,6
Croydon 035A,E01001032,520,480,277,203,0,2,1,1,36,34,2,2
Croydon 035B,E01001101,509,482,240,242,1,5,4,1,17,17,0,4
Croydon 035C,E01001102,605,502,296,206,0,43,36,7,52,48,4,8
Croydon 035D,E01001107,662,535,294,241,1,15,5,10,106,97,9,5
Croydon 035E,E01001108,628,588,303,285,0,11,6,5,22,20,2,7
Croydon 036A,E01001076,581,293,112,181,5,190,162,28,89,87,2,4
Croydon 036B,E01001079,639,285,112,173,6,285,210,75,57,51,6,6
Croydon 036C,E01001080,687,125,52,73,3,516,395,121,35,32,3,8
Croydon 036D,E01001081,506,272,108,164,8,190,149,41,30,25,5,6
Croydon 037A,E01001073,618,427,174,253,0,48,6,42,137,133,4,6
Croydon 037B,E01001092,588,451,220,231,1,29,5,24,97,89,8,10
Croydon 037C,E01001093,694,507,203,304,22,50,29,21,111,101,10,4
Croydon 037D,E01001096,530,464,233,231,0,18,4,14,45,42,3,3
Croydon 037E,E01001097,1059,516,228,288,44,126,22,104,359,347,12,14
Croydon 037F,E01001098,515,473,217,256,2,6,4,2,31,30,1,3
Croydon 038A,E01001028,528,484,234,250,0,8,2,6,34,29,5,2
Croydon 038B,E01001029,541,406,190,216,0,23,12,11,108,101,7,4
Croydon 038C,E01001030,462,424,195,229,1,4,3,1,31,29,2,2
Croydon 038D,E01001031,491,452,206,246,1,1,0,1,34,34,0,3
Croydon 038E,E01001094,521,467,247,220,0,4,0,4,44,35,9,6
Croydon 039A,E01001103,651,581,324,257,2,32,25,7,36,35,1,0
Croydon 039B,E01001105,632,456,183,273,2,139,126,13,29,27,2,6
Croydon 039C,E01001106,540,427,180,247,1,56,43,13,47,44,3,9
Croydon 039D,E01001121,501,467,266,201,1,16,14,2,16,15,1,1
Croydon 040A,E01001069,500,425,160,265,1,29,27,2,44,43,1,1
Croydon 040B,E01001070,659,493,208,285,2,120,95,25,36,35,1,8
Croydon 040C,E01001075,646,466,160,306,5,55,39,16,112,106,6,8
Croydon 040D,E01001099,586,374,126,248,2,129,49,80,80,71,9,1
Croydon 041A,E01001015,515,311,130,181,6,154,61,93,39,38,1,5
Croydon 041B,E01001016,665,551,276,275,18,43,36,7,45,41,4,8
Croydon 041C,E01001023,575,344,145,199,7,51,41,10,165,157,8,8
Croydon 041D,E01001067,578,538,239,299,3,3,2,1,30,26,4,4
Croydon 041E,E01001074,828,431,138,293,45,157,13,144,189,180,9,6
Croydon 042A,E01001068,784,520,222,298,21,153,38,115,85,79,6,5
Croydon 042B,E01001071,735,558,216,342,17,99,74,25,56,53,3,5
Croydon 042C,E01001072,533,501,265,236,0,5,3,2,24,22,2,3
Croydon 042D,E01001104,642,575,243,332,0,25,18,7,38,33,5,4
Croydon 043A,E01001017,642,597,288,309,1,9,7,2,34,30,4,1
Croydon 043B,E01001024,532,467,199,268,0,16,7,9,46,43,3,3
Croydon 043C,E01001025,489,447,203,244,1,14,13,1,24,21,3,3
Croydon 043D,E01001026,641,519,191,328,3,80,56,24,38,36,2,1
Croydon 043E,E01001027,534,460,188,272,1,23,17,6,46,42,4,4
Croydon 044A,E01001018,639,575,273,302,0,19,14,5,41,34,7,4
Croydon 044B,E01001019,593,518,286,232,0,45,44,1,26,19,7,4
Croydon 044C,E01001020,657,570,260,310,0,41,35,6,34,30,4,12
Croydon 044D,E01001021,590,259,100,159,0,290,281,9,37,34,3,4
Croydon 044E,E01001022,611,569,312,257,0,11,8,3,24,17,7,7
Croydon 045A,E01000990,538,186,67,119,1,316,269,47,31,26,5,4
Croydon 045B,E01001189,465,340,106,234,4,66,21,45,52,51,1,3
Croydon 045C,E01001190,616,404,121,283,4,127,38,89,78,75,3,3
Croydon 045D,E01001194,624,444,117,327,4,55,25,30,118,110,8,3
Croydon 045E,E01032569,660,196,52,144,5,401,330,71,54,49,5,4
Ealing 001A,E01001269,646,418,175,243,4,25,10,15,197,188,9,2
Ealing 001B,E01001271,593,397,149,248,2,46,29,17,142,140,2,6
Ealing 001C,E01001309,614,452,180,272,3,22,12,10,132,125,7,5
Ealing 001D,E01001310,663,433,156,277,28,56,14,42,139,130,9,7
Ealing 001E,E01001311,663,294,93,201,6,233,179,54,120,117,3,10
Ealing 002A,E01001307,633,432,204,228,18,10,6,4,170,163,7,3
Ealing 002B,E01001308,679,507,272,235,7,7,5,2,150,140,10,8
Ealing 002C,E01001312,590,370,192,178,1,48,46,2,166,153,13,5
Ealing 002D,E01001313,516,371,175,196,4,19,13,6,121,116,5,1
Ealing 002E,E01001314,506,378,165,213,1,9,7,2,114,111,3,4
Ealing 003A,E01001315,495,317,99,218,26,70,33,37,79,74,5,3
Ealing 003B,E01001316,620,218,94,124,4,272,253,19,122,116,6,4
Ealing 003C,E01001317,686,371,130,241,10,158,131,27,138,132,6,9
Ealing 003D,E01001318,677,275,103,172,18,284,197,87,85,78,7,15
Ealing 003E,E01001320,534,180,53,127,1,289,179,110,57,53,4,7
Ealing 003F,E01001321,758,456,232,224,30,145,58,87,116,112,4,11
Ealing 004A,E01001270,565,427,167,260,5,24,8,16,104,100,4,5
Ealing 004B,E01001319,490,352,149,203,5,42,15,27,87,83,4,4
Ealing 004C,E01001322,627,406,174,232,3,41,23,18,164,158,6,13
Ealing 004D,E01001323,684,391,178,213,3,48,10,38,230,213,17,12
Ealing 005A,E01001341,529,319,149,170,2,16,7,9,185,174,11,7
Ealing 005B,E01001342,638,381,156,225,2,15,8,7,236,224,12,4
Ealing 005C,E01001343,483,359,179,180,2,10,4,6,107,97,10,5
Ealing 005D,E01001345,501,312,123,189,8,61,51,10,113,105,8,7
Ealing 006A,E01001265,627,332,121,211,4,75,61,14,208,203,5,8
Ealing 006B,E01001266,578,412,202,210,4,14,2,12,136,129,7,12
Ealing 006C,E01001267,814,354,123,231,13,252,209,43,178,165,13,17
Ealing 006D,E01001272,542,316,146,170,8,30,9,21,182,178,4,6
Ealing 006E,E01001349,507,260,126,134,2,163,48,115,79,73,6,3
Ealing 007A,E01001344,880,488,208,280,15,130,65,65,235,222,13,12
Ealing 007B,E01001346,634,469,205,264,5,17,10,7,134,129,5,9
Ealing 007C,E01001347,518,361,172,189,3,15,10,5,126,115,11,13
Ealing 007D,E01001348,626,360,174,186,10,26,10,16,218,204,14,12
Ealing 008A,E01001257,659,173,51,122,3,385,265,120,89,85,4,9
Ealing 008B,E01001324,662,298,110,188,31,99,43,56,229,225,4,5
Ealing 008C,E01001326,674,286,103,183,16,237,137,100,126,121,5,9
Ealing 008D,E01001330,636,199,52,147,5,317,248,69,106,104,2,9
Ealing 008E,E01001332,579,168,44,124,27,270,151,119,100,94,6,14
Ealing 009A,E01001325,602,361,133,228,2,176,155,21,52,45,7,11
Ealing 009B,E01001327,600,321,129,192,8,165,134,31,97,96,1,9
Ealing 009C,E01001328,620,256,112,144,4,239,211,28,107,98,9,14
Ealing 009D,E01001329,631,350,143,207,5,150,130,20,119,114,5,7
Ealing 009E,E01001331,618,177,46,131,3,285,257,28,143,140,3,10
Ealing 010B,E01001258,634,421,180,241,8,69,48,21,132,124,8,4
Ealing 010C,E01001262,558,283,101,182,4,186,156,30,77,71,6,8
Ealing 010D,E01001263,647,300,103,197,2,220,143,77,121,113,8,4
Ealing 010E,E01001264,612,380,172,208,5,132,109,23,93,86,7,2
Ealing 010F,E01032743,818,199,29,170,98,216,25,191,294,288,6,11
Ealing 010G,E01032744,486,211,68,143,7,89,73,16,166,158,8,13
Ealing 011A,E01001276,651,334,153,181,7,16,4,12,286,276,10,8
Ealing 011B,E01001277,668,325,184,141,4,27,7,20,293,281,12,19
Ealing 011C,E01001278,801,355,202,153,15,41,22,19,379,365,14,11
Ealing 011D,E01001280,782,373,205,168,60,20,5,15,318,309,9,11
Ealing 012A,E01001218,692,253,124,129,4,263,200,63,158,152,6,14
Ealing 012B,E01001260,660,427,199,228,7,43,33,10,176,170,6,7
Ealing 012C,E01001261,758,295,143,152,70,114,85,29,263,249,14,16
Ealing 012D,E01001268,629,495,250,245,1,18,10,8,105,100,5,10
Ealing 013A,E01001209,647,511,225,286,0,7,2,5,122,117,5,7
Ealing 013B,E01001211,705,384,185,199,30,79,67,12,208,207,1,4
Ealing 013C,E01001279,564,474,280,194,1,7,1,6,79,77,2,3
Ealing 013D,E01001281,625,475,240,235,1,11,7,4,132,127,5,6
Ealing 014A,E01001217,455,350,154,196,3,13,6,7,84,81,3,5
Ealing 014B,E01001259,510,325,144,181,9,29,14,15,140,135,5,7
Ealing 014C,E01001291,495,345,140,205,5,29,9,20,111,105,6,5
Ealing 014D,E01001292,504,375,187,188,4,13,5,8,103,95,8,9
Ealing 014E,E01001293,478,318,133,185,2,39,15,24,113,106,7,6
Ealing 015A,E01001196,762,238,142,96,15,299,30,269,187,178,9,23
Ealing 015B,E01001238,1236,266,88,178,154,237,76,161,562,548,14,17
Ealing 015C,E01001239,553,165,73,92,40,183,35,148,156,154,2,9
Ealing 015D,E01001246,492,224,88,136,5,113,25,88,150,143,7,0
Ealing 015E,E01001247,674,324,191,133,5,56,39,17,276,265,11,13
Ealing 016A,E01001210,740,191,89,102,13,410,353,57,101,98,3,25
Ealing 016B,E01001282,627,239,78,161,7,291,269,22,71,66,5,19
Ealing 016C,E01001283,712,296,128,168,2,319,266,53,86,82,4,9
Ealing 016D,E01001285,562,320,124,196,5,141,122,19,93,89,4,3
Ealing 016E,E01001286,620,351,128,223,4,154,127,27,107,100,7,4
Ealing 016F,E01001287,483,186,83,103,0,226,211,15,64,62,2,7
Ealing 017A,E01001294,538,382,172,210,5,24,15,9,119,111,8,8
Ealing 017B,E01001295,521,397,178,219,1,17,10,7,97,89,8,9
Ealing 017C,E01001296,404,282,127,155,3,50,44,6,65,60,5,4
Ealing 017D,E01001297,495,317,163,154,1,51,38,13,123,116,7,3
Ealing 017E,E01001298,529,335,175,160,0,65,47,18,113,103,10,16
Ealing 018A,E01001204,585,398,185,213,3,75,46,29,105,102,3,4
Ealing 018B,E01001205,598,240,100,140,2,191,47,144,158,150,8,7
Ealing 018C,E01001206,582,135,53,82,2,350,323,27,82,80,2,13
Ealing 018D,E01001207,668,364,133,231,8,65,12,53,222,219,3,9
Ealing 018E,E01001208,498,413,204,209,4,29,23,6,47,45,2,5
Ealing 018F,E01001212,691,463,266,197,2,23,4,19,196,191,5,7
Ealing 019A,E01001222,1150,334,119,215,67,149,32,117,586,576,10,14
Ealing 019B,E01001224,570,408,216,192,3,26,12,14,126,124,2,7
Ealing 019C,E01001226,668,306,176,130,1,61,3,58,287,277,10,13
Ealing 019D,E01001227,602,375,194,181,8,42,5,37,170,163,7,7
Ealing 019E,E01001228,792,354,202,152,8,71,13,58,350,336,14,9
Ealing 020A,E01001221,952,252,102,150,22,138,72,66,526,513,13,14
Ealing 020B,E01001223,643,302,171,131,2,53,4,49,277,272,5,9
Ealing 020C,E01001225,807,349,191,158,0,143,6,137,300,286,14,15
Ealing 020D,E01001235,691,285,118,167,1,26,9,17,372,363,9,7
Ealing 020E,E01001236,741,279,149,130,0,120,13,107,335,328,7,7
Ealing 020F,E01001273,597,371,218,153,1,10,5,5,202,193,9,13
Ealing 020G,E01001274,585,288,160,128,2,45,2,43,238,233,5,12
Ealing 020H,E01001275,857,327,196,131,1,111,14,97,408,398,10,10
Ealing 021A,E01001195,598,357,192,165,1,20,3,17,214,184,30,6
Ealing 021B,E01001197,668,252,122,130,14,127,64,63,260,255,5,15
Ealing 021C,E01001198,584,293,123,170,1,76,8,68,211,200,11,3
Ealing 021D,E01001199,694,245,86,159,12,189,39,150,242,233,9,6
Ealing 022A,E01001284,538,432,217,215,2,23,11,12,78,74,4,3
Ealing 022B,E01001288,531,335,127,208,5,52,30,22,135,128,7,4
Ealing 022C,E01001289,476,329,112,217,3,41,24,17,101,97,4,2
Ealing 022D,E01001290,738,366,178,188,5,86,12,74,270,259,11,11
Ealing 023A,E01001213,503,314,151,163,1,80,62,18,98,95,3,10
Ealing 023B,E01001214,477,336,196,140,1,30,25,5,101,97,4,9
Ealing 023C,E01001215,552,283,149,134,2,116,82,34,139,130,9,12
Ealing 023D,E01001216,476,292,158,134,11,52,39,13,112,101,11,9
Ealing 023E,E01001361,460,179,89,90,10,117,21,96,143,124,19,11
Ealing 024A,E01001240,512,227,118,109,6,107,94,13,163,161,2,9
Ealing 024B,E01001241,503,247,140,107,2,69,49,20,177,172,5,8
Ealing 024C,E01001242,524,224,119,105,2,151,16,135,137,125,12,10
Ealing 024D,E01001243,649,212,90,122,40,221,148,73,167,156,11,9
Ealing 024E,E01001244,1099,333,136,197,50,323,196,127,373,360,13,20
Ealing 024F,E01001245,823,316,141,175,149,100,30,70,248,239,9,10
Ealing 025A,E01001200,586,337,143,194,0,59,15,44,187,175,12,3
Ealing 025B,E01001201,642,330,119,211,3,114,22,92,183,175,8,12
Ealing 025C,E01001202,871,229,97,132,18,284,201,83,329,323,6,11
Ealing 025D,E01001203,861,245,60,185,7,292,44,248,307,298,9,10
Ealing 025E,E01001351,811,259,98,161,25,195,83,112,320,311,9,12
Ealing 026A,E01001359,562,318,149,169,2,75,10,65,152,144,8,15
Ealing 026B,E01001360,505,339,201,138,5,24,10,14,123,113,10,14
Ealing 026C,E01001362,511,291,148,143,5,69,8,61,138,120,18,8
Ealing 026D,E01001363,471,277,148,129,17,57,33,24,116,108,8,4
Ealing 026E,E01001364,516,196,97,99,19,215,74,141,66,58,8,20
Ealing 026F,E01001365,590,373,202,171,7,37,9,28,161,150,11,12
Ealing 027A,E01001231,696,419,229,190,17,40,13,27,203,200,3,17
Ealing 027B,E01001234,640,241,108,133,1,76,8,68,318,308,10,4
Ealing 027C,E01001350,621,297,154,143,6,88,23,65,225,216,9,5
Ealing 027D,E01001352,571,252,122,130,6,67,26,41,239,235,4,7
Ealing 027E,E01001354,677,341,168,173,7,53,12,41,266,255,11,10
Ealing 028A,E01001249,1025,182,50,132,39,467,316,151,321,317,4,16
Ealing 028B,E01001250,983,334,128,206,30,285,98,187,309,299,10,25
Ealing 028C,E01001255,608,439,155,284,2,44,14,30,117,111,6,6
Ealing 028D,E01001383,662,429,165,264,2,41,7,34,187,178,9,3
Ealing 028E,E01001388,743,229,79,150,38,315,159,156,151,142,9,10
Ealing 028F,E01001389,726,331,117,214,4,103,24,79,271,258,13,17
Ealing 029A,E01001219,674,194,65,129,24,363,294,69,84,72,12,9
Ealing 029B,E01001220,471,91,44,47,2,305,268,37,51,45,6,22
Ealing 029C,E01001334,522,165,76,89,5,277,262,15,66,64,2,9
Ealing 029D,E01001337,452,203,109,94,5,187,19,168,53,50,3,4
Ealing 029E,E01001338,518,297,175,122,3,98,83,15,112,106,6,8
Ealing 029F,E01001339,568,180,77,103,59,267,119,148,54,47,7,8
Ealing 029G,E01001340,506,102,27,75,55,231,27,204,114,110,4,4
Ealing 030A,E01001251,659,435,158,277,6,34,11,23,174,165,9,10
Ealing 030B,E01001252,768,319,127,192,6,113,36,77,320,304,16,10
Ealing 030C,E01001253,670,402,153,249,5,66,39,27,187,178,9,10
Ealing 030D,E01001254,750,437,150,287,52,115,42,73,142,138,4,4
Ealing 031A,E01001229,597,269,116,153,2,219,203,16,98,92,6,9
Ealing 031B,E01001230,629,334,151,183,2,47,9,38,232,225,7,14
Ealing 031C,E01001232,612,313,138,175,26,135,123,12,130,123,7,8
Ealing 031D,E01001233,599,282,126,156,3,140,96,44,169,164,5,5
Ealing 031E,E01001237,652,317,151,166,1,50,21,29,276,274,2,8
Ealing 031F,E01001386,735,466,206,260,1,52,31,21,203,193,10,13
Ealing 032A,E01001303,624,407,195,212,1,23,13,10,188,179,9,5
Ealing 032B,E01001382,564,455,230,225,2,13,10,3,88,84,4,6
Ealing 032C,E01001384,677,420,160,260,3,30,10,20,213,201,12,11
Ealing 032D,E01001385,667,444,206,238,3,17,6,11,195,192,3,8
Ealing 032E,E01001387,713,335,135,200,4,85,52,33,272,262,10,17
Ealing 033A,E01001353,718,230,107,123,1,214,112,102,255,247,8,18
Ealing 033B,E01001355,760,320,109,211,4,193,78,115,230,223,7,13
Ealing 033C,E01001356,841,106,47,59,17,596,533,63,91,86,5,31
Ealing 033D,E01001357,426,107,30,77,37,205,163,42,67,64,3,10
Ealing 033E,E01001358,586,56,23,33,25,425,370,55,60,54,6,20
Ealing 034A,E01001375,706,503,247,256,3,11,8,3,184,180,4,5
Ealing 034B,E01001377,718,468,267,201,6,68,44,24,163,159,4,13
Ealing 034C,E01001379,709,516,215,301,4,24,10,14,160,155,5,5
Ealing 034D,E01001381,738,333,142,191,11,65,22,43,318,308,10,11
Ealing 035A,E01001248,581,363,159,204,8,98,84,14,108,105,3,4
Ealing 035B,E01001299,651,516,294,222,2,13,7,6,114,107,7,6
Ealing 035C,E01001305,634,512,229,283,0,16,8,8,101,97,4,5
Ealing 035D,E01001306,713,518,258,260,8,17,6,11,163,159,4,7
Ealing 037A,E01001366,543,296,136,160,5,66,16,50,163,151,12,13
Ealing 037B,E01001367,527,196,100,96,7,87,25,62,218,201,17,19
Ealing 037C,E01001368,456,270,126,144,1,82,14,68,95,91,4,8
Ealing 037D,E01001370,532,310,144,166,6,55,24,31,155,140,15,6
Ealing 037E,E01001371,594,284,155,129,19,92,26,66,195,185,10,4
Ealing 037F,E01001372,493,243,93,150,5,66,18,48,168,158,10,11
Ealing 037G,E01001373,412,238,98,140,16,38,10,28,107,101,6,13
Ealing 038A,E01001333,563,202,108,94,3,178,108,70,161,146,15,19
Ealing 038B,E01001335,524,369,168,201,7,71,49,22,69,62,7,8
Ealing 038C,E01001336,519,259,123,136,5,138,31,107,110,105,5,7
Ealing 038D,E01001369,525,259,122,137,2,68,38,30,185,176,9,11
Ealing 039A,E01001300,608,442,179,263,0,13,3,10,149,140,9,4
Ealing 039B,E01001301,707,310,118,192,6,115,97,18,263,249,14,13
Ealing 039C,E01001302,614,413,175,238,0,32,12,20,160,158,2,9
Ealing 039D,E01001304,705,367,111,256,3,123,56,67,208,195,13,4
Ealing 040A,E01001374,805,465,185,280,5,89,59,30,238,227,11,8
Ealing 040B,E01001376,743,315,121,194,2,153,82,71,260,252,8,13
Ealing 040C,E01001380,762,441,204,237,2,78,35,43,234,226,8,7
Ealing 040D,E01032572,758,345,137,208,2,96,72,24,303,290,13,12
Enfield 001A,E01001444,638,468,204,264,3,45,32,13,111,100,11,11
Enfield 001B,E01001446,714,427,173,254,32,87,35,52,157,150,7,11
Enfield 001C,E01001546,640,394,167,227,5,106,43,63,129,124,5,6
Enfield 001D,E01001552,659,488,229,259,4,64,47,17,99,91,8,4
Enfield 002A,E01001442,617,212,100,112,4,258,207,51,128,123,5,15
Enfield 002B,E01001545,665,206,64,142,15,331,222,109,102,99,3,11
Enfield 002C,E01001547,659,432,209,223,5,81,60,21,135,130,5,6
Enfield 002D,E01001548,676,359,151,208,27,161,120,41,122,120,2,7
Enfield 002E,E01001551,661,313,153,160,6,266,187,79,68,64,4,8
Enfield 003B,E01001445,980,505,143,362,20,131,44,87,311,301,10,13
Enfield 003C,E01001447,783,287,124,163,31,279,174,105,175,163,12,11
Enfield 003D,E01001448,655,360,130,230,1,132,85,47,159,153,6,3
Enfield 003E,E01001449,575,329,122,207,17,117,80,37,107,106,1,5
Enfield 003F,E01033148,661,286,60,226,2,253,34,219,107,104,3,13
Enfield 003G,E01033150,702,279,24,255,2,136,29,107,269,260,9,16
Enfield 004A,E01001408,731,555,195,360,5,64,47,17,99,94,5,8
Enfield 004B,E01001411,759,534,210,324,2,88,41,47,121,113,8,14
Enfield 004C,E01001412,677,436,231,205,5,131,107,24,89,75,14,16
Enfield 004D,E01001413,612,524,275,249,1,42,31,11,40,39,1,5
Enfield 004E,E01001414,687,217,91,126,27,363,348,15,72,67,5,8
Enfield 005A,E01001407,613,452,178,274,2,70,62,8,83,79,4,6
Enfield 005B,E01001409,806,421,141,280,7,136,50,86,232,225,7,10
Enfield 005C,E01001410,755,272,85,187,11,307,202,105,152,143,9,13
Enfield 005D,E01001516,648,354,149,205,2,174,153,21,103,99,4,15
Enfield 005E,E01001537,709,470,177,293,4,26,20,6,201,196,5,8
Enfield 006A,E01001439,790,293,116,177,7,217,146,71,255,246,9,18
Enfield 006B,E01001441,637,289,111,178,16,223,193,30,102,97,5,7
Enfield 006C,E01001517,696,192,53,139,1,376,330,46,119,117,2,8
Enfield 006D,E01001549,798,262,81,181,4,227,186,41,289,283,6,16
Enfield 006E,E01001550,570,321,116,205,1,165,111,54,75,71,4,8
Enfield 007A,E01001433,584,239,66,173,9,233,190,43,90,83,7,13
Enfield 007B,E01001434,551,397,158,239,1,53,40,13,88,84,4,12
Enfield 007C,E01001435,489,369,150,219,1,35,31,4,80,75,5,4
Enfield 007D,E01001436,653,472,219,253,2,49,34,15,124,118,6,6
Enfield 007E,E01001438,566,307,118,189,4,126,64,62,126,121,5,3
Enfield 008A,E01001469,633,437,204,233,1,111,95,16,78,72,6,6
Enfield 008B,E01001536,742,499,244,255,1,63,55,8,167,158,9,12
Enfield 008C,E01001540,794,520,213,307,2,23,19,4,240,218,22,9
Enfield 008D,E01001541,650,486,182,304,28,30,22,8,100,97,3,6
Enfield 008E,E01001542,678,410,182,228,3,138,81,57,119,113,6,8
Enfield 009A,E01001538,603,545,265,280,4,24,6,18,23,19,4,7
Enfield 009B,E01001539,657,518,257,261,3,36,25,11,91,89,2,9
Enfield 009C,E01001543,596,533,254,279,0,15,3,12,44,37,7,4
Enfield 009D,E01001544,610,530,299,231,3,12,7,5,57,55,2,8
Enfield 010A,E01001457,798,558,300,258,4,15,11,4,211,201,10,10
Enfield 010B,E01001468,524,341,178,163,0,75,10,65,104,71,33,4
Enfield 010C,E01001471,930,655,329,326,1,21,11,10,246,231,15,7
Enfield 010D,E01001472,771,525,253,272,6,48,43,5,180,173,7,12
Enfield 010E,E01001474,840,628,327,301,2,17,11,6,185,177,8,8
Enfield 011A,E01001415,677,401,241,160,0,106,82,24,157,149,8,13
Enfield 011B,E01001417,601,538,294,244,0,17,14,3,38,34,4,8
Enfield 011C,E01001418,703,436,240,196,6,122,78,44,130,124,6,9
Enfield 011D,E01001422,559,511,279,232,1,2,1,1,36,36,0,9
Enfield 012A,E01001440,597,372,161,211,1,117,94,23,102,97,5,5
Enfield 012B,E01001504,513,342,152,190,4,54,31,23,107,104,3,6
Enfield 012C,E01001505,567,307,112,195,4,117,82,35,130,126,4,9
Enfield 012D,E01001507,766,276,118,158,20,189,103,86,260,251,9,21
Enfield 012E,E01001508,718,302,126,176,54,125,50,75,225,218,7,12
Enfield 012F,E01001513,623,303,99,204,6,204,171,33,101,97,4,9
Enfield 013A,E01001416,598,550,289,261,1,16,5,11,26,25,1,5
Enfield 013B,E01001470,641,550,319,231,0,29,26,3,54,47,7,8
Enfield 013C,E01001473,547,388,196,192,9,100,55,45,43,41,2,7
Enfield 013D,E01001475,635,573,315,258,2,10,7,3,46,42,4,4
Enfield 014A,E01001437,990,341,138,203,12,377,284,93,247,243,4,13
Enfield 014B,E01001506,565,250,91,159,4,148,89,59,155,145,10,8
Enfield 014C,E01001509,688,311,114,197,12,120,60,60,236,224,12,9
Enfield 014D,E01001510,610,54,21,33,5,479,461,18,67,64,3,5
Enfield 015A,E01001405,862,589,353,236,1,59,25,34,206,200,6,7
Enfield 015B,E01001406,675,390,147,243,3,97,64,33,178,172,6,7
Enfield 015C,E01001450,924,492,260,232,2,78,65,13,339,326,13,13
Enfield 015D,E01001512,782,508,175,333,1,67,25,42,201,189,12,5
Enfield 015E,E01001515,755,229,68,161,7,330,305,25,183,181,2,6
Enfield 016A,E01001401,501,441,199,242,2,20,15,5,35,35,0,3
Enfield 016B,E01001478,544,377,171,206,1,85,77,8,78,75,3,3
Enfield 016C,E01001484,516,398,196,202,1,16,11,5,97,91,6,4
Enfield 016D,E01001511,648,489,183,306,2,25,14,11,130,126,4,2
Enfield 016E,E01001514,685,429,151,278,4,120,110,10,121,117,4,11
Enfield 016F,E01001518,684,451,173,278,3,27,13,14,199,192,7,4
Enfield 017A,E01001451,661,539,301,238,0,19,15,4,98,95,3,5
Enfield 017B,E01001452,488,431,208,223,0,13,12,1,37,34,3,7
Enfield 017C,E01001453,661,552,318,234,1,28,8,20,73,69,4,7
Enfield 017D,E01001454,660,547,316,231,2,6,2,4,92,83,9,13
Enfield 018A,E01001476,593,374,169,205,3,69,57,12,136,127,9,11
Enfield 018B,E01001477,607,318,133,185,0,179,149,30,96,94,2,14
Enfield 018C,E01001481,556,393,177,216,6,47,36,11,103,97,6,7
Enfield 018D,E01001502,599,338,153,185,3,124,61,63,120,115,5,14
Enfield 018E,E01001503,654,402,169,233,3,98,83,15,144,134,10,7
Enfield 019A,E01001520,673,411,205,206,3,115,91,24,138,134,4,6
Enfield 019B,E01001522,751,403,133,270,44,86,9,77,214,206,8,4
Enfield 019C,E01001523,738,579,315,264,3,15,8,7,132,129,3,9
Enfield 019D,E01001524,546,352,185,167,2,88,12,76,96,91,5,8
Enfield 019E,E01001526,639,534,300,234,1,9,8,1,91,89,2,4
Enfield 020A,E01001419,794,503,284,219,3,55,49,6,218,210,8,15
Enfield 020B,E01001420,569,307,148,159,2,134,127,7,124,115,9,2
Enfield 020C,E01001421,714,340,182,158,3,174,159,15,181,172,9,16
Enfield 020D,E01001519,1141,459,231,228,4,49,11,38,611,584,27,18
Enfield 020E,E01001525,723,468,247,221,12,35,27,8,203,201,2,5
Enfield 021A,E01001398,491,442,186,256,0,8,6,2,38,35,3,3
Enfield 021B,E01001399,499,458,218,240,1,8,5,3,32,29,3,0
Enfield 021C,E01001400,587,521,329,192,1,7,6,1,54,50,4,4
Enfield 021D,E01001402,691,545,263,282,1,11,9,2,122,116,6,12
Enfield 021E,E01001403,633,510,276,234,3,24,14,10,88,84,4,8
Enfield 021F,E01001455,581,495,227,268,1,16,14,2,64,63,1,5
Enfield 022A,E01001456,481,443,224,219,1,2,2,0,32,32,0,3
Enfield 022B,E01001564,646,493,210,283,2,24,15,9,121,114,7,6
Enfield 022C,E01001567,632,538,288,250,0,20,8,12,67,67,0,7
Enfield 022D,E01001568,538,483,262,221,1,13,9,4,34,32,2,7
Enfield 022E,E01001569,778,428,197,231,1,62,58,4,276,262,14,11
Enfield 023A,E01001479,639,337,135,202,4,85,28,57,200,188,12,13
Enfield 023B,E01001482,690,339,160,179,5,163,130,33,171,158,13,12
Enfield 023C,E01001487,723,343,154,189,36,145,72,73,188,178,10,11
Enfield 023D,E01001489,664,387,170,217,6,91,52,39,170,163,7,10
Enfield 023E,E01001491,722,321,140,181,24,152,62,90,218,214,4,7
Enfield 024A,E01001459,556,405,199,206,2,34,25,9,105,99,6,10
Enfield 024B,E01001460,660,254,104,150,6,83,52,31,305,299,6,12
Enfield 024C,E01001462,531,251,102,149,2,106,66,40,158,155,3,14
Enfield 024D,E01001480,588,346,137,209,2,60,42,18,173,167,6,7
Enfield 024E,E01001488,663,379,148,231,2,81,37,44,191,179,12,10
Enfield 025A,E01001483,609,202,73,129,1,123,55,68,273,266,7,10
Enfield 025B,E01001485,682,306,141,165,3,184,126,58,174,165,9,15
Enfield 025C,E01001486,818,269,104,165,15,363,187,176,161,157,4,10
Enfield 025E,E01001492,680,418,187,231,4,104,44,60,141,134,7,13
Enfield 025F,E01033146,593,153,30,123,27,257,41,216,152,151,1,4
Enfield 025G,E01033151,541,148,70,78,3,288,247,41,88,84,4,14
Enfield 026A,E01001404,525,396,200,196,3,49,47,2,73,69,4,4
Enfield 026B,E01001493,735,359,163,196,1,230,148,82,129,128,1,16
Enfield 026C,E01001494,510,432,221,211,2,8,7,1,58,57,1,10
Enfield 026D,E01001496,602,494,253,241,1,12,7,5,88,84,4,7
Enfield 026E,E01001570,751,464,192,272,5,102,68,34,170,159,11,10
Enfield 027A,E01001423,643,307,112,195,3,181,136,45,141,134,7,11
Enfield 027B,E01001425,737,210,83,127,5,272,108,164,230,224,6,20
Enfield 027C,E01001428,611,257,87,170,2,231,176,55,114,108,6,7
Enfield 027D,E01001461,707,214,80,134,3,233,168,65,241,231,10,16
Enfield 027E,E01001464,422,214,75,139,1,149,134,15,53,52,1,5
Enfield 028A,E01001521,698,439,225,214,19,38,29,9,187,180,7,15
Enfield 028B,E01001531,544,446,218,228,0,1,0,1,97,93,4,0
Enfield 028C,E01001532,687,539,254,285,3,11,8,3,130,126,4,4
Enfield 028D,E01001533,530,484,268,216,1,6,3,3,37,33,4,2
Enfield 028E,E01001535,505,400,231,169,1,25,14,11,72,70,2,7
Enfield 029A,E01001495,731,437,181,256,3,17,9,8,256,248,8,18
Enfield 029B,E01001498,746,388,157,231,1,27,20,7,323,306,17,7
Enfield 029C,E01001563,669,429,182,247,2,16,9,7,212,207,5,10
Enfield 029D,E01001565,709,450,190,260,3,95,15,80,151,141,10,10
Enfield 029E,E01001566,626,453,189,264,2,11,8,3,154,141,13,6
Enfield 030A,E01001424,496,101,34,67,13,240,38,202,127,123,4,15
Enfield 030B,E01001426,628,246,85,161,3,219,194,25,149,143,6,11
Enfield 030C,E01001427,683,170,75,95,19,362,320,42,121,117,4,11
Enfield 030D,E01001429,1134,82,19,63,93,801,167,634,145,137,8,13
Enfield 030E,E01001430,653,153,35,118,2,357,317,40,125,120,5,16
Enfield 031A,E01001463,513,340,156,184,1,67,62,5,98,91,7,7
Enfield 031B,E01001465,506,373,173,200,2,32,29,3,96,94,2,3
Enfield 031C,E01001466,620,344,135,209,5,61,35,26,200,191,9,10
Enfield 031D,E01001467,634,366,139,227,3,62,37,25,195,190,5,8
Enfield 031E,E01001497,531,389,181,208,0,39,37,2,90,82,8,13
Enfield 031F,E01001499,564,429,226,203,3,30,8,22,87,86,1,15
Enfield 032A,E01001392,665,485,252,233,4,26,15,11,139,135,4,11
Enfield 032B,E01001528,553,180,79,101,2,273,247,26,94,87,7,4
Enfield 032C,E01001529,635,187,76,111,1,185,130,55,251,237,14,11
Enfield 032D,E01001530,467,311,168,143,0,43,15,28,110,100,10,3
Enfield 032E,E01001534,588,413,230,183,0,19,10,9,144,137,7,12
Enfield 033A,E01001431,614,202,70,132,7,176,89,87,219,209,10,10
Enfield 033B,E01001432,700,318,135,183,13,136,65,71,216,205,11,17
Enfield 033C,E01001555,624,345,137,208,4,83,64,19,187,180,7,5
Enfield 033D,E01001557,546,295,109,186,1,109,93,16,123,117,6,18
Enfield 033E,E01001558,558,205,78,127,1,201,185,16,137,132,5,14
Enfield 033F,E01001559,743,330,116,214,15,142,63,79,236,228,8,20
Enfield 035A,E01001394,640,341,174,167,13,81,40,41,200,184,16,5
Enfield 035B,E01001395,620,254,101,153,5,255,85,170,97,95,2,9
Enfield 035C,E01001397,783,453,170,283,13,73,14,59,238,229,9,6
Enfield 035D,E01001500,554,371,194,177,0,27,9,18,148,142,6,8
Enfield 035E,E01001556,543,420,208,212,1,43,34,9,73,71,2,6
Enfield 035F,E01001560,516,299,148,151,1,117,62,55,90,85,5,9
Enfield 036A,E01001390,762,441,198,243,2,21,15,6,287,275,12,11
Enfield 036B,E01001391,687,275,120,155,3,62,24,38,334,325,9,13
Enfield 036C,E01001393,839,449,191,258,1,53,28,25,332,317,15,4
Enfield 036D,E01001396,511,342,210,132,1,16,11,5,142,140,2,10
Enfield 036E,E01001501,818,347,148,199,24,131,36,95,292,276,16,24
Enfield 036F,E01001527,645,403,201,202,1,58,31,27,169,161,8,14
Enfield 037A,E01001458,664,185,56,129,3,306,254,52,145,141,4,25
Enfield 037B,E01001553,530,214,63,151,0,209,180,29,100,96,4,7
Enfield 037C,E01001554,756,163,61,102,1,469,419,50,109,99,10,14
Enfield 037D,E01001562,711,114,27,87,1,337,74,263,248,241,7,11
Enfield 037E,E01032574,695,347,164,183,3,145,79,66,188,171,17,12
Greenwich 001A,E01001690,845,154,48,106,35,587,37,550,63,57,6,6
Greenwich 001B,E01001692,522,101,25,76,1,369,26,343,48,42,6,3
Greenwich 001C,E01001693,610,73,22,51,2,490,38,452,43,36,7,2
Greenwich 001D,E01001694,598,256,73,183,1,175,10,165,160,153,7,6
Greenwich 002A,E01001687,511,196,62,134,10,193,21,172,106,97,9,6
Greenwich 002B,E01001688,937,354,51,303,32,255,26,229,293,283,10,3
Greenwich 002E,E01033739,571,148,21,127,47,106,10,96,270,261,9,0
Greenwich 002F,E01033740,550,230,43,187,34,80,4,76,204,194,10,2
Greenwich 002G,E01033741,559,274,35,239,2,90,3,87,184,178,6,9
Greenwich 002H,E01033743,663,226,18,208,26,187,13,174,218,209,9,6
Greenwich 002I,E01033745,591,261,41,220,37,114,7,107,172,167,5,7
Greenwich 003A,E01001575,599,219,94,125,3,307,281,26,64,61,3,6
Greenwich 003B,E01001576,658,193,75,118,0,391,353,38,62,55,7,12
Greenwich 003C,E01001577,737,281,119,162,0,362,325,37,84,81,3,10
Greenwich 003D,E01001578,809,344,112,232,17,234,147,87,207,197,10,7
Greenwich 003E,E01001579,637,254,94,160,0,310,279,31,70,69,1,3
Greenwich 004B,E01001709,494,88,26,62,2,312,278,34,89,82,7,3
Greenwich 004C,E01001711,612,181,38,143,2,157,101,56,268,258,10,4
Greenwich 004D,E01001712,935,118,38,80,7,647,541,106,151,147,4,12
Greenwich 004E,E01033731,559,98,22,76,135,177,10,167,141,131,10,8
Greenwich 004F,E01033734,579,135,15,120,136,124,14,110,178,169,9,6
Greenwich 004G,E01033735,555,38,12,26,11,202,167,35,300,294,6,4
Greenwich 004H,E01033736,608,171,23,148,38,37,4,33,356,342,14,6
Greenwich 004I,E01033737,602,84,28,56,3,357,247,110,147,142,5,11
Greenwich 005A,E01001705,760,106,33,73,23,485,372,113,131,125,6,15
Greenwich 005B,E01001706,479,95,30,65,6,314,183,131,61,59,2,3
Greenwich 005C,E01001708,640,325,125,200,2,199,165,34,108,106,2,6
Greenwich 005D,E01001710,685,57,14,43,1,537,464,73,77,69,8,13
Greenwich 005E,E01001713,636,51,18,33,1,528,514,14,47,40,7,9
Greenwich 006A,E01001672,630,243,70,173,5,131,93,38,244,232,12,7
Greenwich 006B,E01001673,685,178,71,107,4,290,198,92,205,196,9,8
Greenwich 006C,E01001674,671,371,134,237,3,141,66,75,150,143,7,6
Greenwich 006D,E01001675,629,265,98,167,2,173,54,119,182,171,11,7
Greenwich 006E,E01001677,668,373,120,253,7,108,33,75,170,162,8,10
Greenwich 007B,E01001631,793,107,38,69,6,555,376,179,118,112,6,7
Greenwich 007C,E01001632,635,285,126,159,5,107,33,74,227,214,13,11
Greenwich 007D,E01001635,618,366,124,242,1,113,25,88,133,126,7,5
Greenwich 007E,E01001636,593,252,99,153,3,142,59,83,193,183,10,3
Greenwich 007F,E01033742,581,146,21,125,76,56,17,39,296,287,9,7
Greenwich 007G,E01033744,646,214,45,169,15,237,31,206,175,162,13,5
Greenwich 008A,E01001571,615,413,138,275,2,81,58,23,115,108,7,4
Greenwich 008B,E01001572,628,406,153,253,3,79,41,38,133,125,8,7
Greenwich 008C,E01001573,513,360,146,214,3,68,54,14,80,73,7,2
Greenwich 008D,E01001574,768,177,60,117,5,489,477,12,91,90,1,6
Greenwich 009A,E01001629,852,136,41,95,29,484,416,68,194,187,7,9
Greenwich 009B,E01001633,652,167,56,111,2,365,334,31,101,97,4,17
Greenwich 009C,E01001634,667,86,21,65,12,508,478,30,52,46,6,9
Greenwich 009D,E01001637,706,290,116,174,2,224,167,57,175,167,8,15
Greenwich 011A,E01001695,654,116,49,67,2,419,398,21,111,103,8,6
Greenwich 011B,E01001696,506,28,14,14,10,356,235,121,107,99,8,5
Greenwich 011C,E01001697,770,197,80,117,30,247,124,123,289,276,13,7
Greenwich 011D,E01001700,703,205,75,130,59,228,165,63,206,196,10,5
Greenwich 011E,E01001703,753,93,21,72,4,555,519,36,87,82,5,14
Greenwich 011F,E01001704,615,322,101,221,3,171,67,104,112,103,9,7
Greenwich 012A,E01001588,659,231,85,146,3,329,305,24,85,79,6,11
Greenwich 012B,E01001589,616,236,67,169,2,263,183,80,110,104,6,5
Greenwich 012C,E01001591,839,191,63,128,1,518,262,256,117,113,4,12
Greenwich 012D,E01001595,693,251,105,146,2,373,72,301,62,54,8,5
Greenwich 014A,E01001590,701,356,140,216,0,189,48,141,150,140,10,6
Greenwich 014B,E01001592,740,459,146,313,3,110,58,52,164,151,13,4
Greenwich 014C,E01001593,728,488,209,279,3,107,84,23,127,120,7,3
Greenwich 014D,E01001594,763,180,52,128,7,472,91,381,97,87,10,7
Greenwich 015A,E01001698,682,140,28,112,2,388,321,67,145,143,2,7
Greenwich 015B,E01001699,602,72,11,61,6,298,263,35,220,121,99,6
Greenwich 015C,E01001701,598,121,39,82,27,197,133,64,246,98,148,7
Greenwich 015D,E01001702,475,100,23,77,0,323,304,19,48,41,7,4
Greenwich 016A,E01001581,838,312,107,205,8,321,211,110,192,189,3,5
Greenwich 016B,E01001585,628,390,157,233,2,112,75,37,118,113,5,6
Greenwich 016C,E01001586,683,275,139,136,4,271,178,93,131,122,9,2
Greenwich 016D,E01001587,921,460,207,253,54,185,137,48,215,212,3,7
Greenwich 017A,E01001678,628,467,184,283,5,71,54,17,77,73,4,8
Greenwich 017B,E01001683,565,299,111,188,1,151,76,75,108,101,7,6
Greenwich 017C,E01001684,561,302,108,194,2,199,96,103,51,49,2,7
Greenwich 017D,E01001685,610,375,135,240,11,124,81,43,94,85,9,6
Greenwich 019A,E01001646,1179,411,78,333,24,379,148,231,356,336,20,9
Greenwich 019B,E01001650,615,303,115,188,2,242,205,37,64,52,12,4
Greenwich 019C,E01001651,761,286,112,174,3,380,370,10,79,75,4,13
Greenwich 019D,E01001652,681,401,159,242,3,141,130,11,131,123,8,5
Greenwich 020A,E01001679,520,396,136,260,1,57,5,52,64,60,4,2
Greenwich 020B,E01001680,618,517,272,245,1,14,9,5,78,72,6,8
Greenwich 020C,E01001681,488,313,118,195,1,100,41,59,70,66,4,4
Greenwich 020D,E01001682,565,397,187,210,17,95,31,64,52,48,4,4
Greenwich 020E,E01001686,767,359,114,245,1,229,169,60,171,168,3,7
Greenwich 021A,E01001580,833,413,178,235,1,85,54,31,322,312,10,12
Greenwich 021B,E01001582,641,353,168,185,0,161,129,32,115,107,8,12
Greenwich 021C,E01001583,818,412,167,245,5,142,66,76,249,237,12,10
Greenwich 021D,E01001584,713,420,233,187,1,81,64,17,204,194,10,7
Greenwich 022A,E01001645,714,383,151,232,5,251,229,22,63,59,4,12
Greenwich 022B,E01001647,573,393,185,208,1,113,98,15,63,59,4,3
Greenwich 022C,E01001648,729,452,148,304,3,153,139,14,113,106,7,8
Greenwich 022D,E01001649,569,287,102,185,8,208,175,33,58,55,3,8
Greenwich 023A,E01001605,571,539,257,282,1,8,4,4,22,20,2,1
Greenwich 023B,E01001606,618,540,215,325,4,19,10,9,51,48,3,4
Greenwich 023C,E01001610,707,525,220,305,5,107,9,98,66,56,10,4
Greenwich 023D,E01001611,741,439,189,250,1,242,130,112,54,45,9,5
Greenwich 025A,E01001620,505,241,78,163,1,215,192,23,42,36,6,6
Greenwich 025B,E01001621,611,275,91,184,13,253,241,12,66,60,6,4
Greenwich 025C,E01001623,664,293,72,221,18,243,199,44,102,97,5,8
Greenwich 025D,E01001624,631,342,143,199,3,250,133,117,26,26,0,10
Greenwich 025E,E01001625,587,239,79,160,1,314,302,12,29,27,2,4
Greenwich 027A,E01001604,568,430,188,242,0,66,28,38,63,59,4,9
Greenwich 027B,E01001607,604,411,172,239,1,146,24,122,41,35,6,5
Greenwich 027C,E01001608,592,456,230,226,0,88,51,37,44,42,2,4
Greenwich 027D,E01001609,738,419,217,202,0,199,187,12,89,85,4,31
Greenwich 028A,E01001613,775,443,213,230,0,185,173,12,138,125,13,9
Greenwich 028B,E01001614,530,484,271,213,0,16,12,4,26,25,1,4
Greenwich 028C,E01001615,756,379,192,187,6,167,111,56,185,167,18,19
Greenwich 028D,E01001617,738,573,299,274,12,44,37,7,101,95,6,8
Greenwich 029A,E01001653,610,199,37,162,0,369,361,8,40,33,7,2
Greenwich 029B,E01001654,603,244,102,142,6,302,279,23,44,37,7,7
Greenwich 029C,E01001655,637,179,58,121,1,394,362,32,59,51,8,4
Greenwich 029D,E01001660,586,263,115,148,2,262,199,63,50,43,7,9
Greenwich 029E,E01001661,588,324,125,199,0,219,207,12,39,36,3,6
Greenwich 030C,E01001618,648,402,177,225,1,191,98,93,50,48,2,4
Greenwich 030D,E01001619,818,496,192,304,48,90,23,67,173,164,9,11
Greenwich 030E,E01033729,802,256,116,140,9,442,417,25,89,64,25,6
Greenwich 031A,E01001597,607,420,202,218,2,84,20,64,95,87,8,6
Greenwich 031B,E01001598,606,482,230,252,2,65,61,4,53,50,3,4
Greenwich 031C,E01001602,718,347,137,210,1,321,283,38,43,42,1,6
Greenwich 031D,E01001603,768,252,89,163,2,465,444,21,37,33,4,12
Greenwich 032A,E01001596,597,529,259,270,1,14,13,1,49,47,2,4
Greenwich 032B,E01001599,615,442,196,246,3,118,112,6,48,45,3,4
Greenwich 032C,E01001600,663,443,168,275,4,84,50,34,129,124,5,3
Greenwich 032D,E01001601,601,471,203,268,3,67,16,51,54,42,12,6
Greenwich 033A,E01001669,689,334,133,201,11,246,140,106,87,80,7,11
Greenwich 033B,E01001671,675,402,144,258,1,148,121,27,123,113,10,1
Greenwich 033C,E01001676,646,185,60,125,14,281,220,61,155,150,5,11
Greenwich 033D,E01032567,589,438,195,243,2,89,19,70,54,46,8,6
Greenwich 034A,E01001656,582,331,171,160,0,180,169,11,66,61,5,5
Greenwich 034B,E01001657,686,440,225,215,7,113,102,11,114,111,3,12
Greenwich 034C,E01001658,723,438,212,226,9,139,101,38,131,124,7,6
Greenwich 034D,E01001659,529,377,187,190,0,90,87,3,60,59,1,2
Greenwich 034E,E01033726,818,338,123,215,11,408,308,100,51,43,8,10
Greenwich 035A,E01001640,881,108,27,81,22,537,459,78,198,190,8,16
Greenwich 035B,E01033727,802,163,34,129,23,407,230,177,193,185,8,16
Greenwich 035C,E01033728,641,258,60,198,18,64,9,55,297,286,11,4
Greenwich 035D,E01033730,653,103,17,86,53,239,43,196,253,245,8,5
Greenwich 036A,E01001666,557,231,73,158,0,174,128,46,147,139,8,5
Greenwich 036B,E01001667,707,144,51,93,2,448,422,26,99,94,5,14
Greenwich 036C,E01001668,1049,274,92,182,13,549,125,424,208,191,17,5
Greenwich 036D,E01033732,472,134,25,109,39,114,9,105,180,172,8,5
Greenwich 036E,E01033733,548,216,48,168,6,24,7,17,296,287,9,6
Greenwich 037A,E01001662,715,350,116,234,3,134,68,66,217,211,6,11
Greenwich 037B,E01001664,854,305,126,179,1,266,178,88,273,265,8,9
Greenwich 037C,E01001665,788,378,123,255,21,127,73,54,255,243,12,7
Greenwich 037D,E01033738,519,253,94,159,3,65,20,45,190,178,12,8
Greenwich 038A,E01001638,806,132,30,102,22,473,353,120,166,143,23,13
Greenwich 038B,E01001641,779,308,120,188,3,250,132,118,207,196,11,11
Greenwich 038C,E01001642,791,477,232,245,1,124,48,76,179,170,9,10
Greenwich 038D,E01001644,1022,409,115,294,15,211,131,80,381,372,9,6
Greenwich 038E,E01033746,715,308,109,199,2,228,136,92,170,162,8,7
Harrow 001A,E01002112,697,543,305,238,0,32,26,6,105,102,3,17
Harrow 001B,E01002114,986,521,337,184,45,208,28,180,192,182,10,20
Harrow 001C,E01002225,623,528,339,189,4,15,12,3,67,65,2,9
Harrow 001D,E01002226,1003,631,374,257,4,109,43,66,239,217,22,20
Harrow 002A,E01002113,599,391,186,205,1,121,86,35,77,71,6,9
Harrow 002B,E01002115,509,392,198,194,0,37,34,3,77,67,10,3
Harrow 002C,E01002116,680,498,293,205,5,18,0,18,151,124,27,8
Harrow 002D,E01002117,675,484,227,257,0,55,7,48,128,121,7,8
Harrow 002E,E01002118,675,377,212,165,2,19,11,8,253,234,19,24
Harrow 003A,E01002227,611,247,102,145,3,293,250,43,52,45,7,16
Harrow 003B,E01002228,710,417,219,198,15,97,32,65,172,93,79,9
Harrow 003C,E01002229,770,486,280,206,0,124,112,12,142,125,17,18
Harrow 003D,E01002230,637,556,284,272,1,13,8,5,64,59,5,3
Harrow 004A,E01002144,580,462,230,232,3,58,54,4,49,43,6,8
Harrow 004B,E01002146,519,475,245,230,0,3,2,1,38,37,1,3
Harrow 004C,E01002147,502,432,263,169,0,4,2,2,56,52,4,10
Harrow 004D,E01002149,479,452,239,213,0,2,2,0,25,24,1,0
Harrow 005A,E01002140,607,406,181,225,5,86,71,15,103,97,6,7
Harrow 005B,E01002141,680,527,273,254,6,67,8,59,72,69,3,8
Harrow 005C,E01002142,635,512,246,266,1,10,3,7,108,98,10,4
Harrow 005D,E01002143,529,342,126,216,4,73,56,17,109,101,8,1
Harrow 005E,E01002145,631,448,242,206,17,80,10,70,83,75,8,3
Harrow 006A,E01002139,498,149,53,96,2,289,169,120,46,41,5,12
Harrow 006B,E01002148,491,403,196,207,3,31,26,5,42,39,3,12
Harrow 006C,E01002150,839,517,293,224,10,33,9,24,264,258,6,15
Harrow 006D,E01002151,524,202,81,121,2,255,215,40,54,51,3,11
Harrow 006E,E01002152,638,511,280,231,1,12,8,4,103,97,6,11
Harrow 007A,E01002119,568,341,149,192,3,71,61,10,146,137,9,7
Harrow 007B,E01002120,488,205,88,117,1,196,187,9,78,77,1,8
Harrow 007C,E01002121,546,410,192,218,1,16,10,6,111,105,6,8
Harrow 007D,E01002122,582,412,206,206,1,16,12,4,143,138,5,10
Harrow 007E,E01002123,527,325,174,151,4,19,11,8,169,152,17,10
Harrow 008A,E01002106,651,533,219,314,2,30,27,3,78,67,11,8
Harrow 008B,E01002108,559,486,210,276,3,6,5,1,56,55,1,8
Harrow 008C,E01002109,654,540,256,284,1,26,22,4,82,67,15,5
Harrow 008D,E01002110,542,441,209,232,4,6,5,1,84,79,5,7
Harrow 008E,E01002111,681,497,215,282,2,64,49,15,114,109,5,4
Harrow 009A,E01002185,585,218,80,138,3,295,223,72,62,61,1,7
Harrow 009B,E01002186,794,462,248,214,5,129,107,22,184,175,9,14
Harrow 009C,E01002187,761,531,281,250,13,103,87,16,104,100,4,10
Harrow 009D,E01002190,625,570,324,246,0,14,9,5,34,31,3,7
Harrow 010A,E01002124,492,355,157,198,2,26,12,14,101,94,7,8
Harrow 010B,E01002125,512,310,149,161,5,39,23,16,151,137,14,7
Harrow 010C,E01002198,499,344,165,179,0,7,2,5,137,127,10,11
Harrow 010D,E01002200,505,358,181,177,1,31,22,9,102,93,9,13
Harrow 010E,E01002203,524,376,163,213,0,18,6,12,125,116,9,5
Harrow 011A,E01002232,709,418,194,224,12,91,63,28,183,170,13,5
Harrow 011B,E01002233,754,368,153,215,8,101,38,63,269,255,14,8
Harrow 011C,E01002234,548,343,145,198,6,44,7,37,145,137,8,10
Harrow 011D,E01002235,610,275,122,153,1,210,169,41,114,112,2,10
Harrow 011E,E01002236,582,342,120,222,13,60,11,49,162,153,9,5
Harrow 012A,E01002107,575,491,198,293,0,5,3,2,71,65,6,8
Harrow 012B,E01002197,420,347,168,179,0,13,4,9,56,53,3,4
Harrow 012C,E01002199,467,375,175,200,0,12,6,6,73,67,6,7
Harrow 012D,E01002201,508,419,218,201,0,7,6,1,75,69,6,7
Harrow 012E,E01002202,712,282,118,164,3,52,36,16,362,348,14,13
Harrow 013A,E01002179,795,355,159,196,48,138,15,123,245,238,7,9
Harrow 013B,E01002180,783,318,130,188,17,189,82,107,251,242,9,8
Harrow 013C,E01002183,682,448,209,239,15,32,11,21,179,173,6,8
Harrow 013D,E01002184,677,394,155,239,8,94,56,38,176,167,9,5
Harrow 013E,E01002231,679,402,168,234,17,82,19,63,172,162,10,6
Harrow 015A,E01002154,728,481,221,260,4,87,24,63,145,138,7,11
Harrow 015B,E01002156,501,457,236,221,0,6,3,3,33,31,2,5
Harrow 015C,E01002162,687,416,177,239,4,96,79,17,166,157,9,5
Harrow 015D,E01002163,537,456,220,236,0,12,5,7,63,56,7,6
Harrow 016A,E01002188,638,570,350,220,1,5,2,3,55,51,4,7
Harrow 016B,E01002189,714,479,277,202,0,55,11,44,171,161,10,9
Harrow 016C,E01002192,638,508,306,202,0,44,8,36,74,70,4,12
Harrow 016D,E01002193,740,482,221,261,7,126,104,22,118,114,4,7
Harrow 017A,E01002165,528,316,161,155,9,24,18,6,173,167,6,6
Harrow 017B,E01002166,484,362,191,171,1,20,12,8,91,88,3,10
Harrow 017C,E01002167,477,270,134,136,0,87,70,17,113,111,2,7
Harrow 017D,E01002168,511,220,81,139,6,208,198,10,62,56,6,15
Harrow 017E,E01002169,531,297,167,130,3,113,31,82,112,105,7,6
Harrow 019A,E01002153,616,537,304,233,1,5,2,3,68,66,2,5
Harrow 019B,E01002155,641,551,266,285,2,23,17,6,58,53,5,7
Harrow 019C,E01002157,593,402,209,193,31,20,8,12,133,127,6,7
Harrow 019D,E01002158,491,447,213,234,3,1,1,0,38,32,6,2
Harrow 020A,E01002128,784,325,139,186,17,26,6,20,410,401,9,6
Harrow 020B,E01002130,884,310,116,194,8,82,11,71,478,459,19,6
Harrow 020C,E01002181,682,436,176,260,4,13,1,12,225,217,8,4
Harrow 020D,E01002182,689,415,199,216,5,12,3,9,253,248,5,4
Harrow 021A,E01002159,685,488,224,264,4,50,36,14,138,125,13,5
Harrow 021B,E01002160,704,395,150,245,6,22,4,18,272,259,13,9
Harrow 021C,E01002161,728,423,194,229,40,82,39,43,173,158,15,10
Harrow 021D,E01002164,683,450,204,246,4,26,14,12,198,192,6,5
Harrow 022A,E01002191,667,560,229,331,0,19,5,14,86,81,5,2
Harrow 022B,E01002194,657,566,316,250,0,36,33,3,48,43,5,7
Harrow 022C,E01002195,610,513,247,266,1,30,28,2,58,56,2,8
Harrow 022D,E01002196,616,575,265,310,0,8,8,0,30,26,4,3
Harrow 023A,E01002126,1203,451,235,216,33,123,44,79,577,552,25,19
Harrow 023B,E01002127,628,396,198,198,3,18,5,13,200,191,9,11
Harrow 023C,E01002129,889,395,177,218,11,136,40,96,328,306,22,19
Harrow 023D,E01002131,586,255,108,147,14,182,121,61,119,99,20,16
Harrow 024A,E01002237,648,301,100,201,3,83,62,21,254,247,7,7
Harrow 024B,E01002238,596,405,173,232,3,35,11,24,148,141,7,5
Harrow 024C,E01002240,655,379,150,229,28,113,87,26,119,111,8,16
Harrow 024D,E01002242,613,504,261,243,2,13,5,8,88,86,2,6
Harrow 025A,E01002208,483,438,241,197,0,4,2,2,40,37,3,1
Harrow 025B,E01002209,546,377,201,176,4,7,1,6,152,137,15,6
Harrow 025C,E01002239,635,493,250,243,1,8,0,8,127,123,4,6
Harrow 025D,E01002241,536,349,137,212,4,101,13,88,76,66,10,6
Harrow 027A,E01002133,896,239,111,128,13,456,360,96,166,155,11,22
Harrow 027B,E01002136,638,429,210,219,8,25,17,8,172,164,8,4
Harrow 027C,E01002138,509,329,125,204,3,24,10,14,147,142,5,6
Harrow 027D,E01002213,1116,536,220,316,46,117,8,109,406,382,24,11
Harrow 028A,E01002211,477,220,91,129,2,168,53,115,80,74,6,7
Harrow 028B,E01002212,647,322,136,186,15,95,72,23,207,195,12,8
Harrow 028C,E01002216,513,390,166,224,2,25,6,19,91,87,4,5
Harrow 028D,E01002217,552,111,29,82,3,378,46,332,49,39,10,11
Harrow 029A,E01002132,828,476,198,278,6,14,13,1,310,293,17,22
Harrow 029B,E01002134,603,368,181,187,2,13,6,7,199,184,15,21
Harrow 029C,E01002135,657,330,154,176,29,97,85,12,192,185,7,9
Harrow 029D,E01002137,468,250,109,141,0,4,4,0,139,106,33,75
Harrow 030A,E01002218,606,417,196,221,2,18,4,14,159,147,12,10
Harrow 030B,E01002219,605,324,134,190,5,54,7,47,211,203,8,11
Harrow 030C,E01002221,511,319,156,163,2,48,5,43,137,126,11,5
Harrow 030D,E01002222,488,363,141,222,2,19,11,8,102,89,13,2
Harrow 031A,E01002214,612,359,136,223,2,104,83,21,140,136,4,7
Harrow 031B,E01002215,595,227,74,153,1,261,216,45,96,90,6,10
Harrow 031C,E01002220,493,368,146,222,4,42,32,10,74,67,7,5
Harrow 031D,E01002223,591,442,166,276,4,30,12,18,111,100,11,4
Harrow 031E,E01002224,497,276,89,187,1,149,100,49,59,57,2,12
Harrow 032A,E01002204,634,322,143,179,2,34,22,12,267,257,10,9
Harrow 032B,E01002206,457,348,159,189,2,5,1,4,99,93,6,3
Harrow 032C,E01002207,524,415,182,233,0,15,5,10,92,88,4,2
Harrow 032D,E01002210,504,401,181,220,1,9,4,5,89,84,5,4
Harrow 032E,E01032576,520,437,179,258,3,6,2,4,68,64,4,6
Harrow 033A,E01002170,408,293,138,155,2,56,51,5,49,46,3,8
Harrow 033B,E01002171,534,372,181,191,9,7,5,2,134,126,8,12
Harrow 033C,E01002172,493,345,139,206,38,44,26,18,65,64,1,1
Harrow 033D,E01002173,529,439,218,221,1,6,1,5,76,73,3,7
Harrow 033E,E01002174,483,385,194,191,2,9,4,5,85,80,5,2
Harrow 033F,E01002175,406,332,187,145,1,12,2,10,54,51,3,7
Harrow 033G,E01002176,535,389,206,183,3,7,5,2,132,130,2,4
Harrow 033H,E01002177,452,344,141,203,1,9,6,3,91,87,4,7
Harrow 033I,E01002178,502,434,204,230,4,16,11,5,41,39,2,7
Havering 001A,E01002276,694,453,186,267,12,178,155,23,48,44,4,3
Havering 001B,E01002278,631,312,132,180,5,274,253,21,33,30,3,7
Havering 001C,E01002312,642,439,261,178,1,163,144,19,31,26,5,8
Havering 001D,E01002313,630,347,162,185,12,202,181,21,62,61,1,7
Havering 002A,E01002277,608,316,133,183,4,246,234,12,34,33,1,8
Havering 002B,E01002279,634,367,135,232,4,204,183,21,54,48,6,5
Havering 002C,E01002281,756,250,86,164,2,414,397,17,77,66,11,13
Havering 002D,E01002283,594,331,119,212,4,202,145,57,47,42,5,10
Havering 002E,E01002299,664,437,153,284,2,168,141,27,51,48,3,6
Havering 003A,E01002301,627,540,288,252,3,44,29,15,35,33,2,5
Havering 003B,E01002303,823,483,202,281,11,243,185,58,79,69,10,7
Havering 003C,E01002304,524,423,227,196,1,47,33,14,41,34,7,12
Havering 003D,E01002306,625,273,90,183,4,309,275,34,31,29,2,8
Havering 003E,E01002307,636,426,181,245,1,154,138,16,44,41,3,11
Havering 004A,E01002280,621,226,86,140,1,334,309,25,54,51,3,6
Havering 004B,E01002282,668,211,70,141,2,389,376,13,56,47,9,10
Havering 004C,E01002284,765,437,141,296,8,261,237,24,52,48,4,7
Havering 004D,E01002297,670,241,86,155,1,368,347,21,55,49,6,5
Havering 004E,E01002314,623,259,79,180,0,313,283,30,40,38,2,11
Havering 004F,E01002316,740,241,80,161,1,438,418,20,57,48,9,3
Havering 005A,E01002302,598,492,221,271,3,48,22,26,51,47,4,4
Havering 005B,E01002305,608,493,242,251,1,68,58,10,38,36,2,8
Havering 005C,E01002308,670,452,205,247,7,138,99,39,69,66,3,4
Havering 005D,E01002326,627,456,218,238,9,62,55,7,88,85,3,12
Havering 005E,E01002331,596,499,243,256,0,39,34,5,50,43,7,8
Havering 006A,E01002309,651,413,218,195,4,170,155,15,59,53,6,5
Havering 006B,E01002310,712,335,114,221,7,301,216,85,65,61,4,4
Havering 006C,E01002311,668,411,150,261,7,190,170,20,53,45,8,7
Havering 006D,E01002315,633,378,132,246,3,187,172,15,63,58,5,2
Havering 007A,E01002293,801,541,202,339,2,63,16,47,191,182,9,4
Havering 007B,E01002294,626,495,257,238,1,71,42,29,52,49,3,7
Havering 007C,E01002296,691,605,334,271,0,40,11,29,41,38,3,5
Havering 007D,E01002298,654,549,282,267,3,47,11,36,49,45,4,6
Havering 007E,E01002300,715,562,313,249,0,56,46,10,94,89,5,3
Havering 008A,E01002333,516,484,274,210,0,4,4,0,28,25,3,0
Havering 008B,E01002334,674,624,350,274,1,15,15,0,29,28,1,5
Havering 008C,E01002336,612,550,282,268,0,17,16,1,43,41,2,2
Havering 008D,E01002339,602,565,302,263,1,9,9,0,21,19,2,6
Havering 008E,E01002341,557,536,308,228,0,7,6,1,13,11,2,1
Havering 009A,E01002327,595,507,238,269,2,41,39,2,39,37,2,6
Havering 009B,E01002328,642,561,252,309,3,21,20,1,50,46,4,7
Havering 009C,E01002332,683,559,261,298,1,63,54,9,57,56,1,3
Havering 009D,E01002335,592,399,191,208,2,141,135,6,48,42,6,2
Havering 009E,E01002338,523,449,213,236,2,13,7,6,57,54,3,2
Havering 009F,E01002340,509,445,210,235,1,10,9,1,48,44,4,5
Havering 010A,E01002268,519,449,236,213,4,40,35,5,22,17,5,4
Havering 010B,E01002269,678,616,296,320,0,13,2,11,45,44,1,4
Havering 010C,E01002295,670,505,212,293,3,66,49,17,90,86,4,6
Havering 010D,E01002377,711,532,237,295,2,82,13,69,87,77,10,8
Havering 010E,E01002378,604,550,218,332,0,14,3,11,38,36,2,2
Havering 010F,E01002383,659,567,270,297,21,21,12,9,45,42,3,5
Havering 011A,E01002244,749,490,173,317,14,88,18,70,147,142,5,10
Havering 011B,E01002245,630,437,161,276,5,87,79,8,93,85,8,8
Havering 011C,E01002325,755,436,223,213,4,248,228,20,65,64,1,2
Havering 011D,E01002329,643,551,246,305,4,23,21,2,61,57,4,4
Havering 011E,E01002330,737,530,232,298,4,103,73,30,97,96,1,3
Havering 012A,E01002337,512,407,205,202,0,61,43,18,38,37,1,6
Havering 012B,E01002354,561,498,270,228,0,5,3,2,54,49,5,4
Havering 012C,E01002376,520,479,214,265,1,5,2,3,35,35,0,0
Havering 012D,E01002379,659,488,257,231,0,17,10,7,147,136,11,7
Havering 012E,E01002380,1036,537,211,326,22,212,203,9,258,247,11,7
Havering 012F,E01002381,645,471,242,229,11,101,7,94,55,55,0,7
Havering 013A,E01002243,847,300,102,198,25,318,145,173,196,189,7,8
Havering 013B,E01002353,832,508,249,259,36,130,56,74,151,144,7,7
Havering 013C,E01002356,1037,343,134,209,11,367,253,114,304,294,10,12
Havering 013E,E01032741,663,221,83,138,85,98,13,85,255,247,8,4
Havering 013F,E01032742,644,405,199,206,5,75,13,62,154,139,15,5
Havering 014A,E01002272,536,480,246,234,1,10,5,5,42,37,5,3
Havering 014B,E01002274,692,605,311,294,2,8,5,3,73,67,6,4
Havering 014C,E01002317,544,507,247,260,3,15,11,4,19,18,1,0
Havering 014D,E01002318,614,557,304,253,0,22,20,2,33,31,2,2
Havering 014E,E01002355,574,525,248,277,0,10,6,4,37,33,4,2
Havering 014F,E01002382,765,569,247,322,2,43,19,24,145,137,8,6
Havering 015A,E01002270,634,494,269,225,0,98,2,96,37,35,2,5
Havering 015B,E01002271,515,492,277,215,0,2,1,1,14,13,1,7
Havering 015C,E01002273,490,465,269,196,0,3,2,1,20,19,1,2
Havering 015D,E01002275,517,488,287,201,1,4,3,1,22,21,1,2
Havering 016A,E01002319,652,471,222,249,1,111,107,4,65,57,8,4
Havering 016B,E01002350,711,371,150,221,5,106,99,7,220,214,6,9
Havering 016C,E01002351,653,498,188,310,3,26,20,6,122,119,3,4
Havering 016D,E01002352,722,496,178,318,5,49,34,15,166,161,5,6
Havering 016E,E01002358,791,488,138,350,8,65,40,25,224,213,11,6
Havering 017A,E01002246,637,515,259,256,3,23,19,4,88,77,11,8
Havering 017B,E01002247,729,522,168,354,7,39,28,11,154,148,6,7
Havering 017C,E01002248,592,371,186,185,0,127,109,18,92,87,5,2
Havering 017D,E01002249,746,430,172,258,5,179,30,149,127,117,10,5
Havering 017E,E01002250,642,500,157,343,1,33,23,10,102,94,8,6
Havering 017F,E01002251,526,310,110,200,3,166,158,8,46,42,4,1
Havering 018A,E01002252,617,567,334,233,0,20,17,3,26,23,3,4
Havering 018B,E01002256,620,556,291,265,1,15,15,0,46,38,8,2
Havering 018C,E01002258,797,517,305,212,3,171,165,6,91,84,7,15
Havering 018D,E01002259,612,557,297,260,2,20,20,0,27,23,4,6
Havering 018E,E01002391,608,551,328,223,3,23,19,4,25,25,0,6
Havering 019A,E01002253,615,599,358,241,0,2,1,1,10,10,0,4
Havering 019B,E01002254,636,593,358,235,0,4,4,0,35,31,4,4
Havering 019C,E01002257,651,595,345,250,1,2,1,1,49,47,2,4
Havering 019D,E01002384,644,562,305,257,3,20,18,2,55,45,10,4
Havering 020A,E01002359,515,478,252,226,2,4,3,1,26,23,3,5
Havering 020B,E01002360,742,501,317,184,1,145,139,6,87,80,7,8
Havering 020C,E01002361,822,444,219,225,4,162,36,126,201,194,7,11
Havering 020D,E01002363,686,410,204,206,10,215,160,55,46,36,10,5
Havering 020E,E01002367,658,498,252,246,2,21,17,4,133,123,10,4
Havering 021A,E01002320,537,486,213,273,2,10,7,3,32,29,3,7
Havering 021B,E01002321,635,538,274,264,3,19,8,11,67,62,5,8
Havering 021C,E01002322,731,642,263,379,4,30,7,23,53,46,7,2
Havering 021D,E01002323,627,575,263,312,0,7,6,1,44,41,3,1
Havering 021E,E01002324,650,447,212,235,0,145,132,13,53,47,6,5
Havering 022A,E01002255,630,571,277,294,3,13,10,3,41,35,6,2
Havering 022B,E01002289,621,531,262,269,0,51,48,3,32,27,5,7
Havering 022C,E01002292,637,486,244,242,3,104,99,5,40,36,4,4
Havering 022D,E01002362,616,500,244,256,1,18,15,3,95,89,6,2
Havering 022E,E01002386,871,622,311,311,2,25,23,2,221,203,18,1
Havering 023A,E01002287,602,538,283,255,1,14,12,2,46,42,4,3
Havering 023B,E01002291,775,591,310,281,0,9,7,2,165,155,10,10
Havering 023C,E01002364,542,484,255,229,0,15,3,12,35,33,2,8
Havering 023D,E01002365,552,444,222,222,3,32,31,1,63,60,3,10
Havering 023E,E01002366,568,497,225,272,1,35,27,8,32,28,4,3
Havering 024A,E01002385,601,539,274,265,2,16,13,3,37,29,8,7
Havering 024B,E01002387,607,586,326,260,1,2,2,0,14,13,1,4
Havering 024C,E01002388,608,579,319,260,1,3,2,1,21,20,1,4
Havering 024D,E01002389,623,595,382,213,0,5,5,0,18,13,5,5
Havering 024E,E01002390,531,513,273,240,0,4,3,1,12,12,0,2
Havering 025A,E01002265,638,556,266,290,1,19,16,3,57,51,6,5
Havering 025B,E01002285,520,471,282,189,0,10,10,0,36,33,3,3
Havering 025C,E01002286,614,587,316,271,1,5,2,3,19,18,1,2
Havering 025D,E01002288,554,507,247,260,0,12,5,7,32,31,1,3
Havering 025E,E01002290,641,601,338,263,0,12,10,2,25,21,4,3
Havering 026A,E01002260,566,466,238,228,3,29,24,5,63,57,6,5
Havering 026B,E01002261,645,524,271,253,2,18,10,8,95,93,2,6
Havering 026C,E01002262,625,458,206,252,2,117,109,8,40,36,4,8
Havering 026D,E01002263,609,544,255,289,10,19,16,3,34,29,5,2
Havering 026E,E01002264,710,317,139,178,2,331,269,62,59,56,3,1
Havering 027A,E01002266,600,530,320,210,1,34,22,12,30,27,3,5
Havering 027B,E01002267,734,465,235,230,2,206,138,68,53,48,5,8
Havering 027C,E01002372,603,525,260,265,1,26,12,14,48,47,1,3
Havering 027D,E01002373,628,523,261,262,2,44,39,5,55,51,4,4
Havering 027E,E01002374,604,457,199,258,2,89,80,9,52,48,4,4
Havering 028A,E01002368,696,274,118,156,0,354,43,311,63,59,4,5
Havering 028B,E01002369,730,564,278,286,9,71,17,54,81,76,5,5
Havering 028C,E01002370,846,480,171,309,6,264,224,40,86,77,9,10
Havering 028D,E01002371,643,544,291,253,2,39,34,5,55,51,4,3
Havering 028E,E01002375,688,432,198,234,9,189,164,25,54,50,4,4
Havering 029A,E01002343,636,578,314,264,3,7,4,3,45,41,4,3
Havering 029B,E01002344,638,520,293,227,3,24,19,5,88,82,6,3
Havering 029C,E01002348,642,600,379,221,1,7,6,1,32,28,4,2
Havering 029D,E01002349,608,517,283,234,1,47,2,45,36,34,2,7
Havering 030A,E01002342,632,429,160,269,2,84,38,46,113,103,10,4
Havering 030B,E01002345,756,384,142,242,14,159,105,54,195,182,13,4
Havering 030C,E01002346,557,358,132,226,2,105,56,49,88,74,14,4
Havering 030D,E01002347,526,449,224,225,0,12,9,3,63,53,10,2
Hillingdon 001A,E01002473,636,433,253,180,1,154,5,149,40,33,7,8
Hillingdon 001B,E01002475,692,362,186,176,2,183,29,154,138,126,12,7
Hillingdon 001C,E01002476,611,488,294,194,6,23,17,6,87,77,10,7
Hillingdon 001D,E01002477,559,352,199,153,2,63,51,12,128,107,21,14
Hillingdon 001E,E01002482,617,552,307,245,0,10,5,5,51,47,4,4
Hillingdon 002A,E01002472,771,439,270,169,7,80,33,47,232,214,18,13
Hillingdon 002B,E01002474,643,440,232,208,1,90,52,38,109,106,3,3
Hillingdon 002C,E01002478,666,418,221,197,8,57,50,7,174,158,16,9
Hillingdon 002D,E01002483,714,469,231,238,0,32,22,10,200,187,13,13
Hillingdon 002E,E01002484,585,358,152,206,3,143,118,25,78,74,4,3
Hillingdon 002F,E01002485,762,410,214,196,0,128,66,62,212,206,6,12
Hillingdon 003A,E01002438,480,374,159,215,3,52,39,13,46,43,3,5
Hillingdon 003B,E01002439,608,369,175,194,1,139,126,13,90,74,16,9
Hillingdon 003C,E01002440,618,396,187,209,8,179,163,16,28,24,4,7
Hillingdon 003D,E01002441,667,392,154,238,0,181,130,51,88,78,10,6
Hillingdon 003E,E01002442,635,402,180,222,0,172,143,29,55,50,5,6
Hillingdon 004A,E01002433,782,553,272,281,9,148,96,52,66,62,4,6
Hillingdon 004B,E01002436,658,519,242,277,1,80,37,43,56,52,4,2
Hillingdon 004C,E01002479,628,381,151,230,7,193,140,53,40,34,6,7
Hillingdon 004D,E01002480,713,595,325,270,1,19,5,14,92,74,18,6
Hillingdon 004E,E01002481,659,370,141,229,3,202,178,24,80,71,9,4
Hillingdon 005A,E01002533,589,400,149,251,11,131,57,74,45,38,7,2
Hillingdon 005B,E01002534,607,445,205,240,1,105,87,18,52,50,2,4
Hillingdon 005C,E01002538,746,553,258,295,12,109,95,14,61,54,7,11
Hillingdon 005D,E01002539,619,498,268,230,3,76,28,48,38,36,2,4
Hillingdon 006A,E01002418,658,522,226,296,3,91,77,14,37,35,2,5
Hillingdon 006B,E01002419,611,508,232,276,2,12,9,3,87,79,8,2
Hillingdon 006C,E01002431,489,457,260,197,0,4,2,2,26,24,2,2
Hillingdon 006D,E01002432,635,483,291,192,1,12,9,3,131,117,14,8
Hillingdon 006E,E01002437,608,523,342,181,0,45,41,4,37,34,3,3
Hillingdon 007A,E01002430,524,488,274,214,0,15,1,14,20,18,2,1
Hillingdon 007B,E01002434,504,446,239,207,1,25,0,25,28,26,2,4
Hillingdon 007C,E01002435,535,496,267,229,1,10,7,3,26,23,3,2
Hillingdon 007D,E01002470,702,412,221,191,24,82,3,79,177,161,16,7
Hillingdon 007E,E01002535,828,482,270,212,6,57,3,54,266,255,11,17
Hillingdon 008A,E01002416,593,513,201,312,2,33,23,10,42,39,3,3
Hillingdon 008B,E01002417,638,544,294,250,2,9,7,2,79,74,5,4
Hillingdon 008C,E01002420,662,454,188,266,1,130,48,82,69,64,5,8
Hillingdon 008D,E01002421,636,527,256,271,0,40,33,7,63,61,2,6
Hillingdon 008E,E01002471,634,554,226,328,2,20,16,4,53,48,5,5
Hillingdon 009A,E01002465,633,449,171,278,4,33,23,10,143,133,10,4
Hillingdon 009B,E01002467,639,560,319,241,2,11,6,5,57,46,11,9
Hillingdon 009C,E01002494,637,474,159,315,4,67,62,5,89,81,8,3
Hillingdon 009D,E01002536,609,351,161,190,7,15,4,11,233,140,93,3
Hillingdon 009E,E01002537,579,402,191,211,1,11,7,4,161,112,49,4
Hillingdon 010A,E01002415,643,584,229,355,6,9,7,2,39,36,3,5
Hillingdon 010B,E01002466,633,574,238,336,1,11,5,6,45,40,5,2
Hillingdon 010C,E01002468,633,546,223,323,5,14,7,7,61,56,5,7
Hillingdon 010D,E01002469,631,551,252,299,1,14,6,8,61,52,9,4
Hillingdon 010E,E01002495,695,430,160,270,17,68,18,50,175,92,83,5
Hillingdon 011A,E01002458,543,494,276,218,1,8,5,3,37,31,6,3
Hillingdon 011B,E01002459,622,582,335,247,1,2,1,1,37,34,3,0
Hillingdon 011C,E01002460,597,452,258,194,2,51,39,12,82,76,6,10
Hillingdon 011D,E01002462,506,417,204,213,2,9,8,1,74,36,38,4
Hillingdon 011E,E01002464,623,522,232,290,1,55,51,4,40,36,4,5
Hillingdon 013A,E01002461,516,448,239,209,2,23,16,7,42,41,1,1
Hillingdon 013B,E01002463,528,468,245,223,1,24,2,22,33,29,4,2
Hillingdon 013C,E01002512,647,548,301,247,0,13,6,7,82,78,4,4
Hillingdon 013D,E01002513,544,425,245,180,0,68,6,62,45,40,5,6
Hillingdon 013E,E01002516,490,411,209,202,2,9,6,3,60,47,13,8
Hillingdon 014A,E01002450,503,426,152,274,6,9,4,5,59,57,2,3
Hillingdon 014B,E01002451,493,400,175,225,2,32,26,6,53,50,3,6
Hillingdon 014C,E01002452,500,405,160,245,2,31,11,20,56,56,0,6
Hillingdon 014D,E01002453,599,463,190,273,5,44,40,4,83,79,4,4
Hillingdon 014E,E01002454,661,421,166,255,2,162,138,24,73,67,6,3
Hillingdon 015A,E01002414,527,291,149,142,2,51,40,11,176,168,8,7
Hillingdon 015C,E01002514,885,518,271,247,15,101,74,27,245,230,15,6
Hillingdon 015D,E01002515,718,336,143,193,2,189,80,109,179,132,47,12
Hillingdon 015F,E01033725,945,424,205,219,3,219,170,49,287,166,121,12
Hillingdon 016B,E01002520,603,288,110,178,18,143,98,45,144,135,9,10
Hillingdon 016C,E01002521,909,246,89,157,28,372,293,79,247,238,9,16
Hillingdon 016D,E01002523,549,320,127,193,6,64,50,14,156,151,5,3
Hillingdon 016F,E01033724,1051,584,272,312,5,165,116,49,287,266,21,10
Hillingdon 017A,E01002410,638,458,211,247,4,43,20,23,128,117,11,5
Hillingdon 017B,E01002412,822,514,228,286,3,96,13,83,199,192,7,10
Hillingdon 017C,E01002456,621,374,155,219,9,105,56,49,126,119,7,7
Hillingdon 017D,E01002509,502,447,217,230,2,7,4,3,43,43,0,3
Hillingdon 017E,E01002511,613,365,139,226,6,161,82,79,69,67,2,12
Hillingdon 018A,E01002422,494,367,146,221,9,15,8,7,93,91,2,10
Hillingdon 018B,E01002423,568,447,213,234,13,46,5,41,54,47,7,8
Hillingdon 018C,E01002424,526,394,146,248,12,15,7,8,100,97,3,5
Hillingdon 018D,E01002425,613,338,119,219,11,135,107,28,124,117,7,5
Hillingdon 018E,E01002427,514,400,168,232,28,21,6,15,63,55,8,2
Hillingdon 018F,E01002428,496,403,184,219,8,29,19,10,56,55,1,0
Hillingdon 019A,E01002408,629,280,110,170,13,215,161,54,118,117,1,3
Hillingdon 019B,E01002409,672,326,143,183,5,205,157,48,130,124,6,6
Hillingdon 019C,E01002429,498,281,96,185,12,135,109,26,65,64,1,5
Hillingdon 019D,E01002455,652,396,167,229,22,108,90,18,119,112,7,7
Hillingdon 019E,E01002457,517,237,88,149,3,181,97,84,95,94,1,1
Hillingdon 020A,E01002392,618,217,78,139,15,314,272,42,66,62,4,6
Hillingdon 020B,E01002393,705,405,139,266,11,145,98,47,139,131,8,5
Hillingdon 020C,E01002540,621,349,102,247,15,137,92,45,117,111,6,3
Hillingdon 020D,E01002542,665,287,91,196,5,209,183,26,146,141,5,18
Hillingdon 020E,E01002543,625,320,111,209,13,183,117,66,95,90,5,14
Hillingdon 021A,E01002394,508,342,166,176,4,52,33,19,100,93,7,10
Hillingdon 021B,E01002395,424,286,116,170,20,29,10,19,82,78,4,7
Hillingdon 021C,E01002397,514,270,109,161,5,66,28,38,164,147,17,9
Hillingdon 021D,E01002398,493,332,140,192,5,27,20,7,126,113,13,3
Hillingdon 021E,E01002399,474,354,149,205,3,17,12,5,95,90,5,5
Hillingdon 021F,E01002426,631,457,170,287,4,24,10,14,136,129,7,10
Hillingdon 022A,E01002411,632,327,147,180,7,181,151,30,108,104,4,9
Hillingdon 022B,E01002413,594,303,123,180,2,203,180,23,84,82,2,2
Hillingdon 022C,E01002518,490,370,172,198,4,21,16,5,92,88,4,3
Hillingdon 022D,E01002519,719,348,144,204,27,164,134,30,177,170,7,3
Hillingdon 022E,E01002550,795,340,92,248,15,163,106,57,272,265,7,5
Hillingdon 022F,E01002554,1073,412,90,322,74,204,67,137,377,361,16,6
Hillingdon 023A,E01002541,785,545,175,370,41,58,7,51,137,130,7,4
Hillingdon 023B,E01002544,555,396,152,244,5,24,6,18,123,118,5,7
Hillingdon 023C,E01002545,483,96,46,50,4,319,15,304,58,56,2,6
Hillingdon 023D,E01002546,449,308,122,186,3,16,6,10,117,108,9,5
Hillingdon 023E,E01002547,492,261,105,156,15,73,15,58,113,107,6,30
Hillingdon 024A,E01002400,599,343,113,230,2,136,91,45,111,107,4,7
Hillingdon 024B,E01002401,609,310,113,197,12,122,89,33,151,146,5,14
Hillingdon 024C,E01002402,491,250,94,156,6,150,115,35,81,76,5,4
Hillingdon 024D,E01002403,543,282,90,192,20,155,84,71,81,80,1,5
Hillingdon 024E,E01002404,675,313,100,213,4,243,205,38,109,104,5,6
Hillingdon 025A,E01002548,657,283,107,176,9,286,234,52,69,64,5,10
Hillingdon 025B,E01002549,672,454,193,261,2,118,64,54,92,82,10,6
Hillingdon 025C,E01002551,641,355,140,215,11,172,143,29,97,95,2,6
Hillingdon 025D,E01002552,526,287,89,198,4,159,123,36,73,66,7,3
Hillingdon 025E,E01002553,603,231,87,144,14,253,172,81,101,98,3,4
Hillingdon 026A,E01002396,563,260,115,145,9,177,104,73,109,103,6,8
Hillingdon 026B,E01002501,506,287,133,154,9,112,72,40,88,85,3,10
Hillingdon 026C,E01002502,491,252,82,170,5,167,141,26,62,58,4,5
Hillingdon 026D,E01002505,682,208,55,153,38,291,151,140,139,135,4,6
Hillingdon 026E,E01002508,648,222,64,158,4,310,263,47,103,102,1,9
Hillingdon 027A,E01002405,634,343,133,210,8,149,98,51,129,118,11,5
Hillingdon 027B,E01002406,680,365,154,211,8,134,48,86,161,155,6,12
Hillingdon 027C,E01002503,497,235,84,151,3,133,84,49,119,110,9,7
Hillingdon 027D,E01002504,726,396,136,260,19,126,69,57,180,173,7,5
Hillingdon 027E,E01002506,643,184,59,125,6,233,189,44,208,195,13,12
Hillingdon 027F,E01002507,465,323,116,207,4,28,7,21,103,96,7,7
Hillingdon 028A,E01002486,699,392,141,251,13,187,110,77,101,93,8,6
Hillingdon 028B,E01002487,614,350,144,206,5,150,49,101,106,101,5,3
Hillingdon 028C,E01002526,635,258,94,164,44,248,103,145,81,77,4,4
Hillingdon 028D,E01002528,563,316,122,194,9,174,137,37,59,55,4,5
Hillingdon 028E,E01002532,886,326,119,207,47,294,104,190,213,205,8,6
Hillingdon 029A,E01002445,588,220,91,129,5,265,215,50,87,84,3,11
Hillingdon 029B,E01002525,647,459,221,238,20,58,33,25,102,98,4,8
Hillingdon 029C,E01002529,771,374,144,230,17,145,30,115,227,219,8,8
Hillingdon 029D,E01002530,619,232,95,137,7,292,230,62,81,75,6,7
Hillingdon 029E,E01002531,644,440,215,225,9,108,19,89,80,69,11,7
Hillingdon 030A,E01002407,725,312,137,175,83,158,30,128,165,158,7,7
Hillingdon 030B,E01002488,533,381,156,225,2,51,8,43,99,96,3,0
Hillingdon 030C,E01002489,537,318,137,181,6,49,25,24,159,150,9,5
Hillingdon 030D,E01002490,656,425,162,263,11,50,11,39,165,160,5,5
Hillingdon 030E,E01002492,488,324,126,198,4,48,7,41,106,99,7,6
Hillingdon 031A,E01002444,625,360,174,186,3,42,27,15,205,193,12,15
Hillingdon 031B,E01002446,592,338,184,154,3,73,25,48,174,161,13,4
Hillingdon 031C,E01002447,623,252,75,177,6,90,54,36,268,260,8,7
Hillingdon 031D,E01002527,622,358,198,160,2,101,21,80,154,150,4,7
Hillingdon 032A,E01002443,547,313,120,193,2,19,10,9,207,195,12,6
Hillingdon 032B,E01002448,765,390,172,218,2,111,46,65,249,243,6,13
Hillingdon 032C,E01002449,710,335,110,225,7,57,32,25,305,293,12,6
Hillingdon 032D,E01002491,519,262,105,157,2,159,131,28,88,82,6,8
Hillingdon 032E,E01002493,601,231,89,142,8,256,203,53,100,98,2,6
Hillingdon 033A,E01002496,767,487,163,324,7,91,84,7,176,167,9,6
Hillingdon 033B,E01002497,759,437,214,223,4,91,76,15,220,203,17,7
Hillingdon 033C,E01002498,516,430,213,217,0,32,18,14,50,48,2,4
Hillingdon 033D,E01002499,678,483,212,271,2,63,52,11,127,120,7,3
Hillingdon 033E,E01032577,601,486,194,292,5,59,50,9,47,42,5,4
Hounslow 001A,E01002569,792,468,208,260,1,102,59,43,214,204,10,7
Hounslow 001B,E01002570,732,326,139,187,0,130,60,70,266,255,11,10
Hounslow 001C,E01002573,679,413,234,179,2,72,12,60,180,175,5,12
Hounslow 001D,E01002574,645,380,193,187,1,47,17,30,210,205,5,7
Hounslow 001E,E01002575,688,408,211,197,3,47,40,7,220,209,11,10
Hounslow 003A,E01002562,518,229,107,122,1,215,206,9,66,61,5,7
Hounslow 003B,E01002564,736,317,95,222,6,300,263,37,101,97,4,12
Hounslow 003C,E01002566,1027,182,67,115,30,615,454,161,192,181,11,8
Hounslow 003D,E01002568,1181,237,76,161,135,643,484,159,154,146,8,12
Hounslow 003F,E01033081,649,187,61,126,27,182,99,83,248,240,8,5
Hounslow 003G,E01033082,659,308,165,143,3,167,149,18,174,169,5,7
Hounslow 004A,E01002620,676,256,120,136,22,196,55,141,191,186,5,11
Hounslow 004B,E01002625,492,363,147,216,1,25,18,7,99,94,5,4
Hounslow 004C,E01002626,490,329,149,180,2,50,36,14,105,99,6,4
Hounslow 004D,E01002627,609,210,80,130,4,277,266,11,107,95,12,11
Hounslow 004E,E01002631,509,313,109,204,6,45,38,7,138,132,6,7
Hounslow 005A,E01002633,623,183,80,103,2,349,295,54,81,78,3,8
Hounslow 005B,E01002634,546,145,44,101,0,322,300,22,63,57,6,16
Hounslow 005C,E01002637,563,206,99,107,2,227,210,17,109,106,3,19
Hounslow 005D,E01002638,582,248,104,144,3,236,167,69,87,78,9,8
Hounslow 006A,E01002563,635,402,213,189,8,45,21,24,171,159,12,9
Hounslow 006B,E01002565,1020,420,157,263,89,305,141,164,194,186,8,12
Hounslow 006C,E01002567,837,479,174,305,6,122,88,34,221,212,9,9
Hounslow 006D,E01002684,1096,428,169,259,51,270,209,61,323,308,15,24
Hounslow 006E,E01002686,681,223,73,150,8,365,339,26,70,63,7,15
Hounslow 007A,E01002571,611,397,192,205,6,27,8,19,173,165,8,8
Hounslow 007B,E01002572,710,227,75,152,6,370,276,94,94,87,7,13
Hounslow 007C,E01002577,660,422,188,234,1,74,51,23,155,152,3,8
Hounslow 007D,E01002578,612,400,200,200,1,94,66,28,107,99,8,10
Hounslow 007E,E01002689,796,403,217,186,2,248,209,39,130,127,3,13
Hounslow 007F,E01002690,612,375,186,189,1,93,74,19,132,126,6,11
Hounslow 008A,E01002576,756,351,153,198,2,252,160,92,145,142,3,6
Hounslow 008B,E01002579,823,540,272,268,2,116,104,12,147,142,5,18
Hounslow 008C,E01002580,675,211,85,126,2,204,101,103,252,242,10,6
Hounslow 008D,E01002581,862,466,168,298,1,92,67,25,296,286,10,7
Hounslow 008E,E01002582,719,464,203,261,2,114,100,14,133,122,11,6
Hounslow 009A,E01002675,877,542,232,310,63,100,12,88,164,159,5,8
Hounslow 009B,E01002678,669,425,199,226,3,10,3,7,218,208,10,13
Hounslow 009C,E01002679,643,427,210,217,2,31,13,18,177,172,5,6
Hounslow 009D,E01002680,728,423,197,226,9,54,19,35,230,218,12,12
Hounslow 010A,E01002619,624,395,192,203,2,88,68,20,125,115,10,14
Hounslow 010B,E01002622,526,301,124,177,5,87,15,72,128,121,7,5
Hounslow 010C,E01002632,569,366,160,206,15,100,66,34,81,78,3,7
Hounslow 010D,E01002635,524,320,158,162,5,44,39,5,147,141,6,8
Hounslow 010E,E01002636,609,398,171,227,5,74,63,11,126,115,11,6
Hounslow 011A,E01002618,512,406,180,226,3,17,12,5,81,79,2,5
Hounslow 011B,E01002621,594,310,112,198,9,145,61,84,126,119,7,4
Hounslow 011C,E01002623,484,233,102,131,1,132,29,103,114,106,8,4
Hounslow 011D,E01002628,620,390,187,203,3,36,17,19,182,172,10,9
Hounslow 011E,E01002629,715,349,151,198,13,162,27,135,185,181,4,6
Hounslow 012A,E01002630,569,311,157,154,3,34,13,21,214,205,9,7
Hounslow 012B,E01002639,497,309,183,126,1,6,6,0,173,167,6,8
Hounslow 012C,E01002640,548,299,167,132,2,15,11,4,231,219,12,1
Hounslow 012D,E01002674,668,416,221,195,1,11,8,3,234,220,14,6
Hounslow 012E,E01002676,559,409,210,199,2,4,0,4,141,138,3,3
Hounslow 013A,E01002583,512,313,161,152,3,41,17,24,148,140,8,7
Hounslow 013B,E01002584,493,265,121,144,5,42,30,12,172,164,8,9
Hounslow 013C,E01002585,509,257,112,145,2,119,111,8,119,114,5,12
Hounslow 013D,E01002586,457,307,157,150,1,12,7,5,135,127,8,2
Hounslow 013E,E01002589,677,236,99,137,3,250,229,21,176,132,44,12
Hounslow 014A,E01002668,883,444,129,315,10,154,101,53,259,246,13,16
Hounslow 014B,E01002669,711,285,79,206,16,300,223,77,100,95,5,10
Hounslow 014C,E01002681,741,290,106,184,7,256,30,226,184,174,10,4
Hounslow 014D,E01002682,927,489,154,335,73,234,148,86,124,109,15,7
Hounslow 014E,E01002683,1037,615,207,408,47,114,36,78,255,244,11,6
Hounslow 015A,E01002642,735,229,100,129,12,124,72,52,354,338,16,16
Hounslow 015B,E01002643,910,400,215,185,105,251,190,61,145,138,7,9
Hounslow 015C,E01002645,766,324,126,198,9,199,66,133,231,217,14,3
Hounslow 015D,E01002658,501,384,178,206,1,16,5,11,98,96,2,2
Hounslow 015E,E01002677,652,320,136,184,9,121,46,75,194,184,10,8
Hounslow 016A,E01002587,605,279,142,137,8,137,77,60,173,167,6,8
Hounslow 016B,E01002588,677,64,26,38,5,544,82,462,46,41,5,18
Hounslow 016C,E01002660,522,254,118,136,9,75,36,39,174,171,3,10
Hounslow 016D,E01002661,518,320,191,129,0,19,12,7,169,158,11,10
Hounslow 016E,E01002665,524,214,97,117,6,191,164,27,104,100,4,9
Hounslow 017A,E01002624,480,239,100,139,17,95,68,27,126,119,7,3
Hounslow 017B,E01002646,712,227,84,143,2,258,231,27,215,207,8,10
Hounslow 017C,E01002662,627,329,188,141,3,34,18,16,256,249,7,5
Hounslow 017D,E01002663,751,264,117,147,44,273,190,83,161,144,17,9
Hounslow 017E,E01002664,596,215,73,142,36,115,56,59,221,215,6,9
Hounslow 018A,E01002641,637,249,147,102,5,157,93,64,216,211,5,10
Hounslow 018C,E01002648,900,380,158,222,21,123,37,86,364,347,17,12
Hounslow 018D,E01002649,692,279,105,174,2,109,67,42,295,285,10,7
Hounslow 018E,E01002657,650,480,195,285,7,25,10,15,136,124,12,2
Hounslow 018F,E01033083,643,85,22,63,74,62,11,51,422,414,8,0
Hounslow 018G,E01033084,648,169,64,105,64,95,57,38,310,303,7,10
Hounslow 019A,E01002653,542,416,188,228,2,13,6,7,107,100,7,4
Hounslow 019B,E01002654,646,484,193,291,16,23,10,13,117,111,6,6
Hounslow 019C,E01002655,622,443,203,240,1,17,12,5,153,147,6,8
Hounslow 019D,E01002656,479,377,184,193,4,38,31,7,58,55,3,2
Hounslow 019E,E01002659,504,331,139,192,11,68,28,40,87,81,6,7
Hounslow 020A,E01002667,651,304,109,195,4,195,151,44,129,126,3,19
Hounslow 020B,E01002670,708,461,169,292,4,74,46,28,154,146,8,15
Hounslow 020C,E01002671,636,437,175,262,3,137,123,14,54,49,5,5
Hounslow 020D,E01002672,683,175,41,134,19,302,272,30,180,169,11,7
Hounslow 020E,E01002673,621,64,19,45,3,506,491,15,35,33,2,13
Hounslow 021A,E01002647,753,330,100,230,38,211,121,90,163,158,5,11
Hounslow 021B,E01002650,792,356,116,240,31,174,53,121,223,212,11,8
Hounslow 021C,E01002651,550,300,143,157,10,64,23,41,171,166,5,5
Hounslow 021D,E01002652,516,324,149,175,2,42,25,17,139,133,6,9
Hounslow 021E,E01002666,407,257,118,139,3,40,33,7,104,96,8,3
Hounslow 022A,E01002555,681,494,196,298,7,47,29,18,127,118,9,6
Hounslow 022B,E01002556,639,422,156,266,5,92,71,21,111,104,7,9
Hounslow 022C,E01002590,726,422,167,255,5,150,119,31,139,128,11,10
Hounslow 022D,E01002592,789,378,145,233,2,229,215,14,167,154,13,13
Hounslow 022E,E01002595,712,368,121,247,20,239,206,33,74,69,5,11
Hounslow 023A,E01002557,743,359,152,207,41,192,154,38,134,123,11,17
Hounslow 023B,E01002558,773,294,117,177,97,266,56,210,109,99,10,7
Hounslow 023C,E01002559,857,306,106,200,87,242,170,72,217,208,9,5
Hounslow 023D,E01002560,615,370,133,237,8,174,153,21,61,56,5,2
Hounslow 023E,E01002561,551,95,14,81,114,296,146,150,38,34,4,8
Hounslow 024A,E01002591,626,386,150,236,6,169,146,23,55,52,3,10
Hounslow 024B,E01002593,725,484,226,258,7,99,93,6,127,118,9,8
Hounslow 024C,E01002594,642,455,195,260,6,57,40,17,115,108,7,9
Hounslow 024D,E01002611,636,435,180,255,3,124,33,91,68,66,2,6
Hounslow 024E,E01002612,699,348,156,192,33,207,129,78,102,94,8,9
Hounslow 024F,E01002613,609,418,149,269,10,95,84,11,78,73,5,8
Hounslow 025B,E01002598,649,314,94,220,22,199,151,48,107,103,4,7
Hounslow 025C,E01002599,569,324,102,222,13,185,80,105,45,42,3,2
Hounslow 025D,E01002600,520,280,98,182,7,168,148,20,59,54,5,6
Hounslow 025E,E01002603,666,318,67,251,21,202,84,118,121,116,5,4
Hounslow 025F,E01033000,663,95,26,69,4,491,349,142,61,57,4,12
Hounslow 025G,E01033030,773,145,17,128,166,128,15,113,331,323,8,3
Hounslow 026A,E01002604,588,116,26,90,3,426,115,311,37,30,7,6
Hounslow 026B,E01002605,753,376,145,231,6,241,81,160,115,105,10,15
Hounslow 026C,E01002606,671,179,57,122,3,434,390,44,43,42,1,12
Hounslow 026D,E01002607,676,410,167,243,8,123,50,73,128,125,3,7
Hounslow 026E,E01002615,606,173,54,119,26,353,309,44,40,34,6,14
Hounslow 027A,E01002596,772,335,52,283,34,121,24,97,277,268,9,5
Hounslow 027B,E01002601,637,373,94,279,48,57,39,18,153,144,9,6
Hounslow 027C,E01002602,564,476,160,316,7,29,26,3,50,42,8,2
Hounslow 027D,E01002614,758,449,173,276,13,67,26,41,222,209,13,7
Hounslow 027E,E01002616,535,399,199,200,10,70,50,20,51,48,3,5
Hounslow 028A,E01002608,676,312,127,185,16,253,211,42,86,75,11,9
Hounslow 028B,E01002609,655,510,195,315,18,53,41,12,71,64,7,3
Hounslow 028C,E01002610,632,303,133,170,6,266,253,13,47,45,2,10
Hounslow 028D,E01002617,642,522,212,310,4,41,23,18,68,63,5,7
Hounslow 029A,E01002687,832,400,182,218,6,81,52,29,335,322,13,10
Hounslow 029B,E01002691,591,367,195,172,1,11,5,6,203,195,8,9
Hounslow 029C,E01002692,911,342,158,184,3,179,127,52,378,363,15,9
Hounslow 029D,E01002693,841,412,256,156,3,136,96,40,276,269,7,14
Hounslow 029E,E01032573,860,389,217,172,3,53,38,15,399,384,15,16
Kingston upon Thames 001A,E01003006,611,448,206,242,2,48,3,45,103,97,6,10
Kingston upon Thames 001B,E01003007,549,463,205,258,0,25,25,0,54,46,8,7
Kingston upon Thames 001C,E01003008,514,468,203,265,1,4,1,3,39,37,2,2
Kingston upon Thames 001D,E01003009,773,524,227,297,20,115,45,70,109,104,5,5
Kingston upon Thames 001E,E01003010,554,436,211,225,4,35,2,33,76,73,3,3
Kingston upon Thames 002A,E01002952,486,397,247,150,1,5,1,4,71,69,2,12
Kingston upon Thames 002B,E01002953,453,335,184,151,3,12,5,7,95,92,3,8
Kingston upon Thames 002C,E01002955,513,355,158,197,3,22,19,3,123,116,7,10
Kingston upon Thames 002D,E01002956,437,337,178,159,1,32,28,4,59,58,1,8
Kingston upon Thames 002E,E01002959,479,429,239,190,1,2,1,1,43,40,3,4
Kingston upon Thames 003A,E01002935,775,392,138,254,1,42,21,21,323,296,27,17
Kingston upon Thames 003B,E01002938,782,553,246,307,0,66,62,4,159,139,20,4
Kingston upon Thames 003C,E01002951,624,406,207,199,0,19,12,7,190,179,11,9
Kingston upon Thames 003D,E01002954,565,248,130,118,1,79,70,9,231,224,7,6
Kingston upon Thames 003E,E01002957,608,171,75,96,0,260,251,9,170,166,4,7
Kingston upon Thames 004A,E01002933,807,388,128,260,5,291,244,47,117,110,7,6
Kingston upon Thames 004B,E01002934,649,401,165,236,5,45,19,26,193,91,102,5
Kingston upon Thames 004D,E01002937,645,516,176,340,1,28,14,14,97,92,5,3
Kingston upon Thames 004E,E01003011,730,515,260,255,2,52,29,23,150,140,10,11
Kingston upon Thames 004F,E01033568,718,217,64,153,31,108,17,91,352,338,14,10
Kingston upon Thames 004G,E01033569,696,330,114,216,4,53,15,38,296,287,9,13
Kingston upon Thames 005A,E01002964,982,338,102,236,18,333,233,100,278,259,19,15
Kingston upon Thames 005B,E01002969,756,86,35,51,2,590,578,12,74,71,3,4
Kingston upon Thames 005C,E01002971,705,409,141,268,4,102,49,53,182,167,15,8
Kingston upon Thames 005D,E01002972,828,369,133,236,17,123,53,70,307,291,16,12
Kingston upon Thames 005E,E01002974,726,374,162,212,10,165,153,12,166,152,14,11
Kingston upon Thames 006A,E01002932,678,230,75,155,37,277,94,183,125,110,15,9
Kingston upon Thames 006B,E01002960,574,429,206,223,3,25,19,6,114,109,5,3
Kingston upon Thames 006C,E01002962,511,325,130,195,2,112,100,12,66,62,4,6
Kingston upon Thames 006D,E01002970,570,266,90,176,4,154,146,8,139,130,9,7
Kingston upon Thames 006E,E01002973,465,210,72,138,4,129,118,11,116,106,10,6
Kingston upon Thames 007A,E01002929,635,499,275,224,1,20,16,4,108,105,3,7
Kingston upon Thames 007B,E01002930,683,360,165,195,3,58,47,11,251,240,11,11
Kingston upon Thames 007C,E01002931,654,525,227,298,4,20,18,2,97,86,11,8
Kingston upon Thames 007D,E01002963,768,380,165,215,10,71,60,11,299,286,13,8
Kingston upon Thames 007E,E01002985,603,398,173,225,3,45,36,9,147,137,10,10
Kingston upon Thames 008A,E01002927,614,466,221,245,4,55,51,4,84,80,4,5
Kingston upon Thames 008B,E01002928,660,419,214,205,2,20,9,11,203,190,13,16
Kingston upon Thames 008C,E01002958,659,529,195,334,1,26,17,9,101,97,4,2
Kingston upon Thames 008D,E01002961,609,511,258,253,3,12,11,1,77,71,6,6
Kingston upon Thames 008E,E01002986,471,349,183,166,2,55,54,1,64,58,6,1
Kingston upon Thames 009A,E01002965,1071,469,223,246,2,144,83,61,450,429,21,6
Kingston upon Thames 009B,E01002967,958,552,254,298,6,29,9,20,366,353,13,5
Kingston upon Thames 009C,E01002968,1123,498,197,301,14,71,22,49,523,474,49,17
Kingston upon Thames 009D,E01002990,937,428,165,263,2,54,22,32,446,433,13,7
Kingston upon Thames 009E,E01002991,710,443,182,261,0,24,6,18,237,229,8,6
Kingston upon Thames 010A,E01002922,725,465,222,243,2,95,68,27,154,145,9,9
Kingston upon Thames 010B,E01002926,590,451,206,245,0,13,6,7,122,118,4,4
Kingston upon Thames 010C,E01002966,744,458,180,278,0,66,41,25,213,204,9,7
Kingston upon Thames 010D,E01002992,438,298,109,189,2,28,25,3,105,98,7,5
Kingston upon Thames 011A,E01002921,857,325,116,209,2,124,56,68,402,380,22,4
Kingston upon Thames 011B,E01002987,844,340,140,200,7,107,17,90,369,355,14,21
Kingston upon Thames 011C,E01002988,572,292,113,179,6,55,9,46,214,209,5,5
Kingston upon Thames 011D,E01002989,909,541,174,367,5,26,11,15,332,314,18,5
Kingston upon Thames 012A,E01002975,483,376,182,194,3,28,26,2,73,65,8,3
Kingston upon Thames 012B,E01002977,654,365,173,192,3,209,197,12,75,66,9,2
Kingston upon Thames 012C,E01002980,482,422,208,214,3,7,6,1,47,44,3,3
Kingston upon Thames 012D,E01002981,518,440,209,231,3,10,7,3,58,56,2,7
Kingston upon Thames 012E,E01002984,604,351,192,159,3,138,109,29,104,98,6,8
Kingston upon Thames 013A,E01002923,777,187,56,131,0,447,347,100,137,133,4,6
Kingston upon Thames 013B,E01002925,796,407,121,286,6,63,31,32,309,296,13,11
Kingston upon Thames 013C,E01002993,867,393,212,181,3,48,9,39,415,401,14,8
Kingston upon Thames 013D,E01002995,602,433,219,214,1,7,4,3,151,146,5,10
Kingston upon Thames 013E,E01002999,743,300,123,177,8,95,51,44,337,327,10,3
Kingston upon Thames 014A,E01002915,479,428,207,221,1,9,4,5,38,35,3,3
Kingston upon Thames 014B,E01002916,520,454,231,223,1,9,3,6,52,51,1,4
Kingston upon Thames 014C,E01002917,497,459,237,222,2,1,1,0,32,30,2,3
Kingston upon Thames 014D,E01002920,593,511,237,274,11,31,30,1,37,35,2,3
Kingston upon Thames 014E,E01002924,560,515,267,248,2,6,4,2,36,34,2,1
Kingston upon Thames 015A,E01002976,641,545,241,304,3,24,18,6,67,65,2,2
Kingston upon Thames 015B,E01002978,684,560,290,270,0,22,6,16,90,82,8,12
Kingston upon Thames 015C,E01002979,614,484,218,266,0,35,20,15,86,82,4,9
Kingston upon Thames 015D,E01002982,517,422,223,199,0,41,41,0,52,50,2,2
Kingston upon Thames 015E,E01002983,595,532,275,257,0,19,17,2,38,38,0,6
Kingston upon Thames 016A,E01002994,602,445,198,247,0,19,6,13,134,130,4,4
Kingston upon Thames 016B,E01002996,589,414,155,259,4,14,4,10,151,146,5,6
Kingston upon Thames 016C,E01002997,588,437,175,262,2,20,15,5,126,116,10,3
Kingston upon Thames 016D,E01002998,612,366,125,241,7,140,133,7,99,95,4,0
Kingston upon Thames 016E,E01003002,783,422,156,266,6,189,74,115,161,155,6,5
Kingston upon Thames 017A,E01002918,615,479,162,317,6,22,14,8,103,90,13,5
Kingston upon Thames 017B,E01002919,669,373,159,214,11,94,52,42,187,174,13,4
Kingston upon Thames 017C,E01003000,587,373,146,227,13,133,122,11,67,61,6,1
Kingston upon Thames 017D,E01003001,627,525,217,308,5,10,5,5,81,73,8,6
Kingston upon Thames 017E,E01003003,574,389,168,221,4,19,12,7,156,142,14,6
Kingston upon Thames 018A,E01002939,605,421,163,258,4,77,69,8,98,90,8,5
Kingston upon Thames 018B,E01002941,628,489,240,249,3,73,62,11,48,42,6,15
Kingston upon Thames 018C,E01002942,522,456,219,237,1,31,28,3,30,25,5,4
Kingston upon Thames 018D,E01003004,591,455,201,254,4,28,19,9,101,96,5,3
Kingston upon Thames 018E,E01003005,570,493,192,301,1,22,17,5,51,43,8,3
Kingston upon Thames 019A,E01002944,508,408,143,265,6,57,26,31,35,30,5,2
Kingston upon Thames 019B,E01002945,655,543,185,358,12,38,28,10,61,55,6,1
Kingston upon Thames 019C,E01002946,603,531,214,317,3,15,9,6,52,48,4,2
Kingston upon Thames 019D,E01002947,597,524,224,300,2,17,12,5,53,45,8,1
Kingston upon Thames 020A,E01002940,604,422,177,245,1,128,116,12,42,36,6,11
Kingston upon Thames 020B,E01002943,507,331,146,185,5,132,117,15,36,31,5,3
Kingston upon Thames 020C,E01002948,784,530,197,333,5,140,32,108,102,85,17,7
Kingston upon Thames 020D,E01002949,677,558,226,332,6,53,25,28,55,47,8,5
Kingston upon Thames 020E,E01002950,719,433,154,279,2,211,203,8,68,60,8,5
Merton 001A,E01003472,481,407,174,233,1,4,2,2,67,67,0,2
Merton 001B,E01003473,505,338,158,180,1,5,1,4,158,154,4,3
Merton 001C,E01003474,480,357,194,163,2,10,4,6,107,102,5,4
Merton 001D,E01003475,1162,453,177,276,98,195,47,148,408,390,18,8
Merton 001E,E01003478,602,439,165,274,1,11,3,8,145,141,4,6
Merton 002A,E01003460,679,408,253,155,0,90,21,69,159,141,18,22
Merton 002B,E01003462,599,430,258,172,1,59,8,51,96,90,6,13
Merton 002C,E01003464,550,405,279,126,1,27,8,19,102,98,4,15
Merton 002D,E01003465,472,382,257,125,1,6,0,6,73,71,2,10
Merton 003A,E01003400,659,309,130,179,2,40,7,33,303,297,6,5
Merton 003B,E01003454,587,338,151,187,16,51,2,49,175,165,10,7
Merton 003C,E01003456,667,303,142,161,14,40,8,32,303,294,9,7
Merton 003D,E01003476,482,244,103,141,3,104,38,66,128,117,11,3
Merton 003E,E01003477,573,363,140,223,0,27,7,20,177,173,4,6
Merton 004A,E01003401,647,288,143,145,0,91,6,85,254,237,17,14
Merton 004B,E01003402,705,373,239,134,1,35,3,32,286,267,19,10
Merton 004C,E01003403,710,408,247,161,1,45,0,45,248,238,10,8
Merton 004D,E01003404,912,418,204,214,7,142,11,131,329,313,16,16
Merton 004E,E01003461,712,384,238,146,0,9,1,8,299,292,7,20
Merton 005A,E01003367,961,472,141,331,10,72,24,48,398,374,24,9
Merton 005B,E01003369,768,387,122,265,4,57,7,50,315,299,16,5
Merton 005C,E01003370,869,346,102,244,22,84,23,61,407,391,16,10
Merton 005D,E01003371,626,379,167,212,3,39,8,31,200,194,6,5
Merton 005E,E01003455,749,377,90,287,5,82,4,78,278,268,10,7
Merton 006A,E01003359,816,359,135,224,3,181,34,147,266,254,12,7
Merton 006B,E01003360,740,457,162,295,2,23,6,17,247,238,9,11
Merton 006C,E01003457,623,437,188,249,0,36,5,31,146,144,2,4
Merton 006D,E01003458,693,437,155,282,2,23,2,21,226,219,7,5
Merton 006E,E01003459,956,368,112,256,6,276,66,210,303,292,11,3
Merton 007A,E01003394,636,397,192,205,4,14,1,13,212,201,11,9
Merton 007B,E01003395,503,396,191,205,3,6,2,4,94,86,8,4
Merton 007C,E01003396,534,339,157,182,1,15,3,12,170,162,8,9
Merton 007D,E01003397,557,357,175,182,2,27,1,26,166,154,12,5
Merton 007E,E01003398,583,391,180,211,1,32,6,26,157,140,17,2
Merton 008A,E01003368,578,363,157,206,2,61,28,33,151,149,2,1
Merton 008B,E01003372,627,212,65,147,8,243,79,164,158,150,8,6
Merton 008C,E01003393,646,260,68,192,5,42,10,32,335,319,16,4
Merton 008D,E01003406,566,250,59,191,2,197,28,169,107,103,4,10
Merton 008E,E01003407,768,342,80,262,5,51,6,45,364,352,12,6
Merton 009A,E01003355,765,353,137,216,3,23,3,20,382,370,12,4
Merton 009B,E01003356,696,440,199,241,3,45,13,32,203,184,19,5
Merton 009C,E01003358,801,393,174,219,0,29,5,24,373,356,17,6
Merton 009D,E01003383,692,360,137,223,4,16,5,11,301,293,8,11
Merton 009E,E01003384,623,342,158,184,3,36,1,35,235,228,7,7
Merton 010A,E01003442,701,461,235,226,2,44,7,37,179,171,8,15
Merton 010B,E01003443,633,493,255,238,1,17,4,13,117,108,9,5
Merton 010C,E01003444,695,462,236,226,2,37,8,29,189,176,13,5
Merton 010D,E01003445,658,503,238,265,2,60,24,36,88,84,4,5
Merton 010E,E01003463,459,375,219,156,1,4,0,4,71,69,2,8
Merton 011A,E01003380,680,472,200,272,5,25,9,16,174,166,8,4
Merton 011B,E01003382,676,437,174,263,1,26,10,16,207,198,9,5
Merton 011C,E01003385,626,421,183,238,1,27,7,20,170,166,4,7
Merton 011D,E01003399,618,334,157,177,1,67,4,63,211,206,5,5
Merton 011E,E01003423,605,400,144,256,0,14,4,10,184,172,12,7
Merton 012A,E01003357,750,214,74,140,22,344,144,200,162,153,9,8
Merton 012B,E01003376,588,230,91,139,3,254,33,221,92,85,7,9
Merton 012C,E01003377,526,141,41,100,2,294,97,197,85,83,2,4
Merton 012D,E01003408,873,446,146,300,9,103,32,71,310,297,13,5
Merton 012E,E01003410,630,280,85,195,4,140,17,123,202,187,15,4
Merton 013A,E01003386,722,349,140,209,23,85,8,77,256,247,9,9
Merton 013B,E01003388,590,309,128,181,9,153,25,128,112,99,13,7
Merton 013C,E01003389,631,357,139,218,4,61,14,47,202,191,11,7
Merton 013D,E01003392,501,318,111,207,13,34,3,31,130,121,9,6
Merton 013E,E01003409,562,285,108,177,15,151,59,92,105,96,9,6
Merton 014A,E01003387,614,306,116,190,10,196,82,114,98,95,3,4
Merton 014B,E01003391,544,210,81,129,2,260,106,154,66,63,3,6
Merton 014C,E01003411,719,409,129,280,6,124,41,83,177,163,14,3
Merton 014D,E01003412,597,321,91,230,20,158,25,133,92,85,7,6
Merton 014E,E01003435,490,399,181,218,4,22,5,17,57,53,4,8
Merton 015A,E01003361,621,422,195,227,0,41,8,33,151,143,8,7
Merton 015B,E01003424,574,518,311,207,1,3,0,3,48,47,1,4
Merton 015C,E01003425,508,457,243,214,0,4,1,3,45,43,2,2
Merton 015D,E01003426,609,485,250,235,3,5,1,4,112,104,8,4
Merton 015E,E01003428,649,391,205,186,9,78,15,63,164,153,11,7
Merton 016A,E01003366,595,348,137,211,4,93,25,68,139,129,10,11
Merton 016B,E01003381,720,435,211,224,1,20,5,15,261,250,11,3
Merton 016C,E01003446,799,380,168,212,0,59,7,52,351,331,20,9
Merton 016D,E01003447,691,284,69,215,0,229,104,125,170,155,15,8
Merton 016E,E01003471,604,394,191,203,0,79,8,71,125,119,6,6
Merton 017A,E01003413,709,471,162,309,18,64,5,59,150,146,4,6
Merton 017B,E01003414,539,434,191,243,3,9,3,6,91,84,7,2
Merton 017C,E01003415,548,447,183,264,1,11,3,8,82,77,5,7
Merton 017D,E01003416,534,435,184,251,2,21,2,19,70,66,4,6
Merton 017E,E01003434,506,404,166,238,4,25,9,16,71,64,7,2
Merton 018A,E01003373,536,155,45,110,6,296,110,186,72,67,5,7
Merton 018B,E01003378,728,393,128,265,15,171,19,152,141,130,11,8
Merton 018C,E01003379,742,243,85,158,8,323,104,219,154,142,12,14
Merton 018D,E01003390,623,127,33,94,17,365,160,205,109,98,11,5
Merton 018E,E01003405,630,315,120,195,4,181,43,138,123,115,8,7
Merton 019A,E01003429,507,394,157,237,5,37,3,34,68,63,5,3
Merton 019B,E01003430,545,218,48,170,6,235,11,224,84,79,5,2
Merton 019C,E01003431,545,252,88,164,3,223,11,212,64,61,3,3
Merton 019D,E01003432,508,192,56,136,2,273,13,260,33,33,0,8
Merton 019E,E01003433,578,394,157,237,3,72,12,60,104,93,11,5
Merton 020A,E01003466,599,510,258,252,0,4,0,4,81,76,5,4
Merton 020B,E01003467,601,474,219,255,17,24,2,22,83,78,5,3
Merton 020C,E01003468,630,543,240,303,2,10,3,7,70,64,6,5
Merton 020D,E01003469,574,384,135,249,6,47,20,27,131,125,6,6
Merton 020E,E01003470,607,454,191,263,3,23,10,13,118,111,7,9
Merton 021A,E01003362,499,432,236,196,1,20,9,11,43,40,3,3
Merton 021B,E01003363,590,534,267,267,1,4,1,3,48,43,5,3
Merton 021C,E01003364,648,574,287,287,3,28,9,19,41,39,2,2
Merton 021D,E01003365,497,448,239,209,1,5,1,4,41,36,5,2
Merton 021E,E01003421,640,449,193,256,3,70,28,42,112,101,11,6
Merton 022A,E01003374,546,252,122,130,31,141,31,110,119,112,7,3
Merton 022B,E01003375,654,388,167,221,3,117,12,105,135,126,9,11
Merton 022C,E01003437,764,525,272,253,4,97,26,71,133,123,10,5
Merton 022D,E01003440,627,361,150,211,3,157,51,106,103,96,7,3
Merton 022E,E01003441,617,312,107,205,5,178,68,110,117,115,2,5
Merton 023A,E01003427,706,384,178,206,1,38,20,18,275,260,15,8
Merton 023B,E01003436,588,343,122,221,2,170,67,103,71,67,4,2
Merton 023C,E01003439,548,233,83,150,0,121,55,66,186,177,9,8
Merton 023D,E01003448,648,334,116,218,7,211,84,127,90,81,9,6
Merton 023E,E01003453,650,341,150,191,0,157,60,97,145,136,9,7
Merton 024A,E01003438,650,336,131,205,1,228,89,139,79,73,6,6
Merton 024B,E01003449,677,389,153,236,6,145,40,105,127,113,14,10
Merton 024C,E01003450,597,312,114,198,14,195,71,124,69,63,6,7
Merton 024D,E01003451,598,473,225,248,3,78,11,67,38,34,4,6
Merton 024E,E01003452,806,270,83,187,9,446,96,350,76,70,6,5
Merton 025A,E01003417,608,546,251,295,0,11,4,7,47,44,3,4
Merton 025B,E01003418,531,489,232,257,2,7,5,2,29,22,7,4
Merton 025C,E01003419,642,546,209,337,7,21,8,13,64,62,2,4
Merton 025D,E01003420,506,439,183,256,1,11,5,6,52,51,1,3
Merton 025E,E01003422,513,433,207,226,5,20,4,16,51,47,4,4
Redbridge 001A,E01003744,592,506,287,219,2,13,12,1,65,60,5,6
Redbridge 001B,E01003745,483,461,236,225,0,1,0,1,18,18,0,3
Redbridge 001C,E01003746,661,561,326,235,3,9,6,3,78,75,3,10
Redbridge 001D,E01003747,490,440,238,202,1,31,3,28,14,14,0,4
Redbridge 001E,E01003748,572,474,277,197,0,6,1,5,86,78,8,6
Redbridge 001F,E01003749,681,515,294,221,4,10,7,3,139,130,9,13
Redbridge 001G,E01003750,798,528,277,251,2,120,49,71,136,130,6,12
Redbridge 002A,E01003720,821,421,212,209,1,289,185,104,95,88,7,15
Redbridge 002B,E01003722,690,421,175,246,12,173,155,18,72,66,6,12
Redbridge 002C,E01003723,704,415,161,254,1,227,190,37,53,50,3,8
Redbridge 002D,E01003726,649,304,118,186,6,249,215,34,78,71,7,12
Redbridge 003A,E01003721,604,415,199,216,8,93,82,11,82,75,7,6
Redbridge 003B,E01003724,511,367,153,214,21,61,52,9,60,52,8,2
Redbridge 003C,E01003725,650,357,121,236,11,137,80,57,138,133,5,7
Redbridge 003D,E01003727,655,359,132,227,1,212,186,26,70,63,7,13
Redbridge 004A,E01003654,603,434,175,259,6,76,72,4,83,77,6,4
Redbridge 004B,E01003655,642,486,222,264,1,33,16,17,117,114,3,5
Redbridge 004C,E01003658,699,306,109,197,5,273,175,98,97,94,3,18
Redbridge 004D,E01003660,663,559,232,327,1,13,8,5,82,74,8,8
Redbridge 005A,E01003656,643,363,165,198,1,186,140,46,85,80,5,8
Redbridge 005B,E01003657,870,631,290,341,4,61,54,7,163,149,14,11
Redbridge 005C,E01003659,638,540,191,349,2,13,9,4,79,73,6,4
Redbridge 006A,E01003698,519,430,186,244,3,18,14,4,64,62,2,4
Redbridge 006B,E01003699,594,478,228,250,2,22,19,3,84,78,6,8
Redbridge 006C,E01003700,849,571,234,337,13,113,72,41,144,137,7,8
Redbridge 006D,E01003701,626,418,205,213,2,37,34,3,161,155,6,8
Redbridge 006E,E01003702,744,492,226,266,7,39,16,23,194,186,8,12
Redbridge 006F,E01003703,968,679,265,414,8,99,87,12,165,160,5,17
Redbridge 006G,E01003704,666,393,151,242,6,153,90,63,104,93,11,10
Redbridge 007A,E01003668,755,482,264,218,9,28,23,5,225,218,7,11
Redbridge 007B,E01003669,606,469,210,259,3,16,5,11,114,110,4,4
Redbridge 007C,E01003670,577,392,187,205,1,89,43,46,89,76,13,6
Redbridge 007D,E01003671,552,518,223,295,2,5,0,5,25,24,1,2
Redbridge 007E,E01003672,690,301,136,165,48,150,38,112,185,170,15,6
Redbridge 007F,E01003673,789,455,165,290,58,34,14,20,234,226,8,8
Redbridge 007G,E01003674,1000,477,153,324,4,84,33,51,423,398,25,12
Redbridge 008A,E01003707,469,379,166,213,0,38,32,6,45,41,4,7
Redbridge 008B,E01003708,613,302,130,172,2,203,165,38,97,91,6,9
Redbridge 008C,E01003709,570,484,254,230,1,17,10,7,66,59,7,2
Redbridge 008D,E01003710,507,453,237,216,2,10,4,6,40,34,6,2
Redbridge 009A,E01003759,554,493,240,253,1,7,4,3,49,48,1,4
Redbridge 009B,E01003760,661,453,180,273,8,55,43,12,141,134,7,4
Redbridge 009C,E01003761,698,110,39,71,3,486,414,72,92,88,4,7
Redbridge 009D,E01003762,656,465,162,303,0,65,10,55,120,117,3,6
Redbridge 009E,E01003763,657,551,218,333,0,17,11,6,82,63,19,7
Redbridge 009F,E01003764,835,493,188,305,0,99,63,36,232,227,5,11
Redbridge 009G,E01003765,642,448,149,299,2,21,12,9,165,152,13,6
Redbridge 010A,E01003705,802,558,245,313,22,69,30,39,143,137,6,10
Redbridge 010B,E01003706,613,431,226,205,2,47,42,5,126,118,8,7
Redbridge 010C,E01003711,662,455,229,226,2,84,32,52,115,107,8,6
Redbridge 010D,E01003712,536,221,88,133,2,245,144,101,60,55,5,8
Redbridge 012A,E01003646,572,381,179,202,1,31,24,7,153,136,17,6
Redbridge 012B,E01003648,528,487,275,212,0,2,2,0,35,31,4,4
Redbridge 012C,E01003649,521,419,178,241,0,38,34,4,63,58,5,1
Redbridge 012D,E01003651,466,412,192,220,2,3,1,2,42,38,4,7
Redbridge 013A,E01003639,665,377,160,217,15,144,97,47,121,111,10,8
Redbridge 013B,E01003640,648,490,201,289,7,35,28,7,110,103,7,6
Redbridge 013C,E01003641,530,378,152,226,15,34,27,7,100,96,4,3
Redbridge 013D,E01003642,542,348,159,189,4,98,49,49,82,75,7,10
Redbridge 014A,E01003774,867,566,234,332,6,88,36,52,199,187,12,8
Redbridge 014B,E01003775,686,492,265,227,1,17,16,1,168,156,12,8
Redbridge 014C,E01003776,932,328,151,177,2,355,164,191,235,224,11,12
Redbridge 014D,E01003777,856,534,233,301,3,41,17,24,268,256,12,10
Redbridge 014E,E01003778,879,516,267,249,6,50,36,14,290,275,15,17
Redbridge 014F,E01003779,708,472,242,230,4,79,11,68,141,130,11,12
Redbridge 014G,E01003780,507,468,259,209,0,10,7,3,25,23,2,4
Redbridge 015A,E01003647,612,410,201,209,1,9,5,4,184,174,10,8
Redbridge 015B,E01003650,580,382,187,195,4,92,49,43,97,93,4,5
Redbridge 015C,E01003652,482,397,168,229,1,17,4,13,63,56,7,4
Redbridge 015D,E01003653,516,307,157,150,2,10,6,4,188,179,9,9
Redbridge 017A,E01003638,590,367,147,220,27,142,83,59,44,41,3,10
Redbridge 017B,E01003643,622,496,244,252,1,25,16,9,94,89,5,6
Redbridge 017C,E01003644,498,404,200,204,2,20,12,8,70,66,4,2
Redbridge 017D,E01003645,910,408,139,269,44,67,29,38,385,359,26,6
Redbridge 018A,E01003789,625,397,205,192,0,136,6,130,86,74,12,6
Redbridge 018B,E01003794,544,427,209,218,0,53,14,39,59,56,3,5
Redbridge 018C,E01003795,433,382,207,175,0,9,4,5,38,36,2,4
Redbridge 018D,E01003796,638,451,217,234,2,78,68,10,101,95,6,6
Redbridge 019A,E01003661,651,503,208,295,9,55,25,30,74,70,4,10
Redbridge 019B,E01003662,741,397,153,244,2,70,27,43,261,251,10,11
Redbridge 019C,E01003663,662,547,308,239,1,41,16,25,65,63,2,8
Redbridge 019D,E01003664,575,446,183,263,3,55,29,26,67,61,6,4
Redbridge 019E,E01003665,529,452,170,282,4,15,7,8,56,55,1,2
Redbridge 019F,E01003666,935,458,122,336,18,152,38,114,291,281,10,16
Redbridge 019H,E01033590,434,147,35,112,39,86,15,71,157,148,9,5
Redbridge 019I,E01033592,633,418,161,257,40,42,9,33,128,120,8,5
Redbridge 020A,E01003751,611,417,183,234,3,42,34,8,136,125,11,13
Redbridge 020B,E01003753,659,377,168,209,4,22,17,5,255,243,12,1
Redbridge 020C,E01003754,533,396,192,204,4,43,11,32,84,81,3,6
Redbridge 020D,E01003757,622,331,121,210,3,57,27,30,225,214,11,6
Redbridge 022A,E01003769,557,243,105,138,0,33,19,14,271,263,8,10
Redbridge 022B,E01003770,848,479,160,319,14,161,15,146,189,176,13,5
Redbridge 022C,E01003771,581,328,129,199,14,58,38,20,172,163,9,9
Redbridge 022D,E01003773,579,402,155,247,3,35,11,24,132,125,7,7
Redbridge 023A,E01003752,838,545,212,333,35,66,9,57,186,181,5,6
Redbridge 023B,E01003755,571,428,151,277,3,24,7,17,109,103,6,7
Redbridge 023C,E01003756,600,433,187,246,2,30,20,10,134,127,7,1
Redbridge 023D,E01003758,810,268,93,175,36,239,39,200,256,250,6,11
Redbridge 024A,E01003766,548,367,158,209,2,20,14,6,154,146,8,5
Redbridge 024B,E01003767,567,290,122,168,1,23,17,6,245,231,14,8
Redbridge 024C,E01003768,569,250,114,136,0,52,21,31,259,253,6,8
Redbridge 024D,E01003772,524,365,177,188,2,9,3,6,137,125,12,11
Redbridge 026A,E01003781,602,299,154,145,2,43,7,36,250,240,10,8
Redbridge 026B,E01003782,518,240,124,116,4,35,15,20,229,217,12,10
Redbridge 026C,E01003786,442,338,141,197,0,14,7,7,85,81,4,5
Redbridge 026D,E01003787,469,312,163,149,3,17,13,4,130,123,7,7
Redbridge 027A,E01003790,557,364,164,200,6,117,55,62,66,59,7,4
Redbridge 027B,E01003791,540,474,255,219,1,17,13,4,42,39,3,6
Redbridge 027C,E01003792,508,421,175,246,0,19,5,14,64,62,2,4
Redbridge 027D,E01003793,760,376,148,228,2,230,181,49,145,133,12,7
Redbridge 029A,E01003783,858,254,130,124,10,160,84,76,421,413,8,13
Redbridge 029B,E01003784,546,323,125,198,3,40,23,17,171,168,3,9
Redbridge 029C,E01003785,704,245,102,143,0,66,35,31,379,371,8,14
Redbridge 029D,E01003788,645,232,113,119,1,52,34,18,354,345,9,6
Redbridge 030A,E01003683,576,319,132,187,5,42,23,19,204,198,6,6
Redbridge 030B,E01003684,496,306,136,170,3,49,26,23,133,125,8,5
Redbridge 030C,E01003685,508,282,131,151,0,27,17,10,187,181,6,12
Redbridge 030D,E01003686,533,285,130,155,1,43,21,22,197,188,9,7
Redbridge 030F,E01003688,532,255,131,124,21,55,42,13,192,182,10,9
Redbridge 030G,E01003689,508,234,109,125,2,86,75,11,180,172,8,6
Redbridge 030H,E01033589,660,78,23,55,39,83,33,50,454,434,20,6
Redbridge 030I,E01033591,630,254,99,155,2,92,50,42,273,261,12,9
Redbridge 031A,E01003737,575,445,231,214,0,60,23,37,66,62,4,4
Redbridge 031B,E01003738,646,521,224,297,1,17,11,6,100,86,14,7
Redbridge 031C,E01003739,658,458,163,295,34,60,14,46,103,95,8,3
Redbridge 031D,E01003740,621,471,201,270,3,54,35,19,87,83,4,6
Redbridge 031E,E01003741,643,470,236,234,0,79,64,15,90,87,3,4
Redbridge 031F,E01003742,618,368,121,247,3,33,19,14,209,196,13,5
Redbridge 031G,E01003743,496,317,126,191,2,22,11,11,144,136,8,11
Redbridge 032A,E01003728,810,259,122,137,58,169,27,142,312,302,10,12
Redbridge 032B,E01003729,526,218,99,119,8,97,74,23,195,186,9,8
Redbridge 032C,E01003730,416,247,117,130,0,30,15,15,138,130,8,1
Redbridge 032D,E01003732,592,123,38,85,16,225,66,159,214,206,8,14
Redbridge 032E,E01003733,507,290,103,187,5,38,17,21,167,160,7,7
Redbridge 033A,E01003731,447,229,96,133,1,76,47,29,133,123,10,8
Redbridge 033B,E01003734,517,292,118,174,4,46,29,17,171,156,15,4
Redbridge 033C,E01003735,811,180,67,113,14,397,122,275,208,194,14,12
Redbridge 033D,E01003736,475,258,86,172,1,83,31,52,129,121,8,4
Redbridge 034A,E01003713,481,337,158,179,1,20,15,5,116,110,6,7
Redbridge 034B,E01003714,642,390,163,227,7,34,14,20,204,195,9,7
Redbridge 034C,E01003715,564,325,150,175,2,27,16,11,201,192,9,9
Redbridge 034D,E01003716,521,320,127,193,1,69,39,30,123,118,5,8
Redbridge 034E,E01003718,630,325,113,212,11,39,20,19,249,238,11,6
Redbridge 034F,E01003719,633,348,167,181,0,32,25,7,244,231,13,9
Redbridge 034G,E01032581,699,343,114,229,12,134,56,78,201,184,17,9
Redbridge 035A,E01003690,608,316,157,159,2,50,4,46,235,231,4,5
Redbridge 035B,E01003691,413,295,112,183,1,16,5,11,95,93,2,6
Redbridge 035C,E01003692,501,346,149,197,2,14,11,3,131,125,6,8
Redbridge 035D,E01003693,431,360,171,189,0,10,5,5,60,56,4,1
Redbridge 035E,E01003694,448,328,168,160,1,46,2,44,68,60,8,5
Redbridge 035F,E01003695,534,269,122,147,0,24,23,1,233,232,1,8
Redbridge 035G,E01003696,593,459,189,270,0,31,16,15,96,91,5,7
Redbridge 035H,E01003697,492,375,148,227,1,22,19,3,89,81,8,5
Redbridge 036A,E01003675,490,357,188,169,6,21,15,6,103,98,5,3
Redbridge 036B,E01003676,495,398,170,228,0,31,28,3,60,51,9,6
Redbridge 036C,E01003677,494,433,224,209,0,6,6,0,46,45,1,9
Redbridge 036D,E01003678,479,403,168,235,0,20,19,1,48,42,6,8
Redbridge 036E,E01003679,493,453,205,248,0,3,1,2,31,28,3,6
Redbridge 036F,E01003680,475,422,164,258,1,3,2,1,49,47,2,0
Redbridge 036G,E01003681,683,419,189,230,2,109,46,63,140,129,11,13
Redbridge 036H,E01003682,493,428,193,235,0,6,4,2,55,49,6,4
Richmond upon Thames 001A,E01003797,523,416,247,169,0,51,4,47,53,50,3,3
Richmond upon Thames 001B,E01003798,691,398,230,168,3,129,10,119,152,142,10,9
Richmond upon Thames 001C,E01003799,653,412,203,209,1,37,23,14,193,189,4,10
Richmond upon Thames 001D,E01003800,640,344,203,141,2,166,50,116,119,115,4,9
Richmond upon Thames 001E,E01003801,534,342,183,159,2,13,3,10,168,152,16,9
Richmond upon Thames 001F,E01003802,623,365,205,160,4,30,8,22,211,201,10,13
Richmond upon Thames 001G,E01003803,632,193,95,98,0,345,132,213,79,75,4,15
Richmond upon Thames 002A,E01003846,628,505,264,241,1,14,3,11,103,102,1,5
Richmond upon Thames 002B,E01003847,842,426,250,176,6,42,6,36,356,335,21,12
Richmond upon Thames 002C,E01003849,653,472,251,221,1,44,5,39,132,127,5,4
Richmond upon Thames 002D,E01003851,691,508,280,228,1,9,0,9,166,164,2,7
Richmond upon Thames 002E,E01003860,819,413,191,222,0,98,6,92,292,279,13,16
Richmond upon Thames 002F,E01003864,671,424,247,177,2,64,21,43,177,173,4,4
Richmond upon Thames 003A,E01003852,652,380,203,177,2,88,15,73,170,160,10,12
Richmond upon Thames 003B,E01003853,622,388,216,172,3,138,36,102,83,78,5,10
Richmond upon Thames 003C,E01003854,653,391,209,182,2,91,41,50,162,154,8,7
Richmond upon Thames 003D,E01003855,831,341,144,197,7,275,63,212,198,185,13,10
Richmond upon Thames 003E,E01003856,749,400,131,269,8,91,29,62,245,228,17,5
Richmond upon Thames 003F,E01003857,756,482,210,272,2,75,20,55,188,170,18,9
Richmond upon Thames 003G,E01003858,678,488,195,293,2,32,8,24,153,146,7,3
Richmond upon Thames 004A,E01003848,817,468,173,295,3,106,28,78,236,229,7,4
Richmond upon Thames 004C,E01003861,855,450,157,293,15,100,26,74,279,266,13,11
Richmond upon Thames 004D,E01003862,627,343,187,156,3,127,35,92,144,138,6,10
Richmond upon Thames 004E,E01003863,639,288,117,171,2,239,51,188,93,84,9,17
Richmond upon Thames 004F,E01003865,529,315,135,180,2,123,19,104,81,75,6,8
Richmond upon Thames 004G,E01033570,709,238,76,162,60,115,20,95,284,277,7,12
Richmond upon Thames 004H,E01033571,624,370,188,182,2,160,35,125,82,76,6,10
Richmond upon Thames 005A,E01003804,768,485,226,259,0,53,12,41,215,206,9,15
Richmond upon Thames 005B,E01003807,817,425,184,241,0,107,14,93,274,256,18,11
Richmond upon Thames 005C,E01003808,793,545,236,309,1,75,26,49,164,157,7,8
Richmond upon Thames 005D,E01003809,657,520,262,258,1,39,7,32,94,93,1,3
Richmond upon Thames 005E,E01003859,631,464,215,249,3,53,10,43,105,96,9,6
Richmond upon Thames 006A,E01003873,850,444,230,214,0,87,2,85,308,300,8,11
Richmond upon Thames 006B,E01003874,787,420,211,209,1,52,3,49,304,294,10,10
Richmond upon Thames 006C,E01003875,681,451,255,196,5,70,8,62,147,137,10,8
Richmond upon Thames 006D,E01003878,648,174,81,93,1,374,19,355,94,90,4,5
Richmond upon Thames 007A,E01003866,642,504,205,299,0,9,1,8,120,115,5,9
Richmond upon Thames 007B,E01003868,639,408,150,258,2,13,6,7,205,199,6,11
Richmond upon Thames 007C,E01003871,642,434,186,248,22,57,1,56,122,113,9,7
Richmond upon Thames 007D,E01003872,686,416,204,212,5,25,2,23,231,220,11,9
Richmond upon Thames 008A,E01003821,784,334,184,150,3,85,6,79,349,329,20,13
Richmond upon Thames 008B,E01003876,865,417,231,186,1,49,8,41,367,341,26,31
Richmond upon Thames 008C,E01003877,724,410,235,175,7,63,0,63,234,228,6,10
Richmond upon Thames 008D,E01003879,613,345,195,150,4,21,0,21,237,235,2,6
Richmond upon Thames 009A,E01003892,924,571,313,258,1,18,2,16,324,319,5,10
Richmond upon Thames 009B,E01003893,759,411,201,210,3,38,1,37,290,280,10,17
Richmond upon Thames 009C,E01003894,760,435,172,263,2,40,4,36,271,262,9,12
Richmond upon Thames 009D,E01003895,766,470,189,281,0,87,21,66,199,187,12,10
Richmond upon Thames 010A,E01003905,548,403,180,223,2,18,5,13,122,83,39,3
Richmond upon Thames 010B,E01003906,649,466,191,275,0,55,16,39,122,116,6,6
Richmond upon Thames 010C,E01003907,673,334,140,194,21,231,49,182,77,71,6,10
Richmond upon Thames 010D,E01003908,668,573,274,299,2,18,6,12,65,56,9,10
Richmond upon Thames 010E,E01003909,606,440,239,201,1,42,10,32,119,108,11,4
Richmond upon Thames 011A,E01003867,576,397,161,236,4,41,10,31,130,123,7,4
Richmond upon Thames 011B,E01003869,693,446,208,238,14,13,1,12,210,198,12,10
Richmond upon Thames 011C,E01003870,721,536,186,350,9,27,7,20,145,138,7,4
Richmond upon Thames 011D,E01003910,670,592,313,279,4,10,5,5,57,53,4,7
Richmond upon Thames 012A,E01003805,593,508,292,216,0,19,8,11,58,55,3,8
Richmond upon Thames 012B,E01003806,523,432,246,186,0,21,1,20,68,63,5,2
Richmond upon Thames 012C,E01003816,640,434,247,187,2,108,27,81,88,81,7,8
Richmond upon Thames 012D,E01003817,867,592,335,257,11,94,20,74,140,130,10,30
Richmond upon Thames 013A,E01003840,560,385,158,227,1,60,22,38,110,103,7,4
Richmond upon Thames 013B,E01003841,811,318,132,186,7,360,122,238,111,105,6,15
Richmond upon Thames 013C,E01003842,619,371,160,211,2,184,58,126,53,51,2,9
Richmond upon Thames 013D,E01003843,753,480,249,231,21,163,47,116,80,75,5,9
Richmond upon Thames 013E,E01003844,553,448,249,199,2,50,13,37,50,45,5,3
Richmond upon Thames 013F,E01003845,622,558,303,255,3,13,5,8,42,38,4,6
Richmond upon Thames 014A,E01003882,793,550,220,330,6,22,4,18,214,204,10,1
Richmond upon Thames 014B,E01003883,836,577,182,395,10,58,6,52,182,170,12,9
Richmond upon Thames 014C,E01003896,796,431,189,242,13,24,2,22,315,301,14,13
Richmond upon Thames 014D,E01003897,848,475,166,309,2,93,18,75,264,248,16,14
Richmond upon Thames 015A,E01003898,675,453,145,308,1,28,3,25,188,184,4,5
Richmond upon Thames 015B,E01003899,632,472,188,284,5,18,2,16,135,122,13,2
Richmond upon Thames 015C,E01003900,614,328,140,188,2,204,82,122,64,57,7,16
Richmond upon Thames 015D,E01003901,605,515,206,309,5,31,10,21,52,50,2,2
Richmond upon Thames 015E,E01003902,503,436,184,252,2,16,4,12,46,42,4,3
Richmond upon Thames 015F,E01003903,580,423,176,247,0,88,34,54,62,55,7,7
Richmond upon Thames 015G,E01003904,671,441,153,288,3,108,27,81,109,103,6,10
Richmond upon Thames 016A,E01003880,581,459,218,241,1,30,11,19,85,78,7,6
Richmond upon Thames 016B,E01003881,492,360,193,167,1,29,3,26,93,87,6,9
Richmond upon Thames 016C,E01003884,698,470,228,242,1,88,23,65,132,123,9,7
Richmond upon Thames 016D,E01003885,647,441,171,270,1,39,16,23,156,145,11,10
Richmond upon Thames 017A,E01003818,661,486,267,219,14,62,16,46,95,90,5,4
Richmond upon Thames 017B,E01003819,747,330,129,201,7,314,119,195,77,68,9,19
Richmond upon Thames 017C,E01003820,751,482,217,265,1,159,61,98,95,90,5,14
Richmond upon Thames 018A,E01003811,640,517,205,312,4,20,5,15,96,92,4,3
Richmond upon Thames 018B,E01003812,772,500,164,336,4,80,17,63,182,170,12,6
Richmond upon Thames 018C,E01003890,642,471,213,258,5,20,4,16,141,134,7,5
Richmond upon Thames 018D,E01003891,826,603,306,297,18,18,1,17,179,169,10,8
Richmond upon Thames 019A,E01003810,613,483,190,293,2,44,8,36,83,76,7,1
Richmond upon Thames 019B,E01003813,643,551,286,265,0,18,4,14,71,66,5,3
Richmond upon Thames 019C,E01003814,760,527,246,281,1,69,10,59,156,147,9,7
Richmond upon Thames 019D,E01003815,824,466,168,298,1,110,24,86,239,220,19,8
Richmond upon Thames 020A,E01003828,630,510,273,237,8,45,6,39,64,58,6,3
Richmond upon Thames 020B,E01003829,686,363,159,204,9,250,89,161,58,53,5,6
Richmond upon Thames 020C,E01003830,734,497,260,237,1,90,33,57,132,118,14,14
Richmond upon Thames 020D,E01003831,697,530,250,280,13,46,8,38,104,95,9,4
Richmond upon Thames 020E,E01003832,681,250,95,155,25,351,67,284,45,43,2,10
Richmond upon Thames 020F,E01003833,658,387,168,219,22,136,42,94,103,95,8,10
Richmond upon Thames 021A,E01003886,684,467,190,277,2,39,7,32,167,158,9,9
Richmond upon Thames 021B,E01003887,789,551,243,308,7,30,5,25,195,183,12,6
Richmond upon Thames 021C,E01003888,896,402,175,227,7,263,72,191,217,209,8,7
Richmond upon Thames 021D,E01003889,779,567,307,260,1,22,1,21,188,182,6,1
Richmond upon Thames 022A,E01003834,829,419,216,203,7,115,7,108,273,230,43,15
Richmond upon Thames 022B,E01003835,537,459,198,261,1,19,4,15,55,49,6,3
Richmond upon Thames 022C,E01003836,613,361,184,177,4,181,62,119,60,52,8,7
Richmond upon Thames 022D,E01003837,802,585,346,239,2,70,27,43,137,127,10,8
Richmond upon Thames 022E,E01003838,758,468,195,273,8,88,8,80,176,166,10,18
Richmond upon Thames 022F,E01003839,916,486,194,292,24,198,53,145,197,182,15,11
Richmond upon Thames 023A,E01003822,516,466,243,223,8,8,6,2,32,29,3,2
Richmond upon Thames 023B,E01003823,796,562,324,238,5,25,9,16,195,165,30,9
Richmond upon Thames 023C,E01003824,649,521,248,273,4,32,7,25,84,78,6,8
Richmond upon Thames 023D,E01003825,653,529,232,297,14,42,15,27,58,53,5,10
Richmond upon Thames 023E,E01003826,760,309,127,182,2,346,98,248,90,87,3,13
Richmond upon Thames 023F,E01003827,800,458,161,297,13,121,29,92,199,188,11,9
Sutton 001A,E01004125,630,265,80,185,5,297,267,30,58,52,6,5
Sutton 001B,E01004183,663,293,72,221,4,291,254,37,71,68,3,4
Sutton 001C,E01004184,598,264,61,203,4,275,227,48,49,39,10,6
Sutton 001D,E01004185,565,177,42,135,10,300,106,194,73,72,1,5
Sutton 001E,E01004189,750,354,98,256,2,334,290,44,51,50,1,9
Sutton 002A,E01004123,838,330,83,247,22,280,212,68,201,192,9,5
Sutton 002B,E01004124,655,361,102,259,14,214,194,20,62,57,5,4
Sutton 002C,E01004126,564,243,61,182,6,262,243,19,51,48,3,2
Sutton 002D,E01004128,528,243,78,165,5,233,215,18,45,43,2,2
Sutton 002E,E01004129,750,265,87,178,17,397,335,62,67,63,4,4
Sutton 003A,E01004130,644,530,248,282,3,47,15,32,59,57,2,5
Sutton 003B,E01004131,613,498,209,289,3,28,12,16,72,66,6,12
Sutton 003C,E01004134,555,437,213,224,1,31,6,25,85,79,6,1
Sutton 003D,E01004135,517,444,214,230,4,5,2,3,63,58,5,1
Sutton 003E,E01004136,550,481,213,268,2,27,18,9,36,33,3,4
Sutton 004A,E01004164,639,494,206,288,5,51,46,5,87,83,4,2
Sutton 004B,E01004166,658,471,185,286,2,84,77,7,95,94,1,6
Sutton 004C,E01004169,460,276,75,201,2,119,112,7,59,54,5,4
Sutton 004D,E01004186,790,454,97,357,20,94,55,39,216,199,17,6
Sutton 004E,E01004188,724,421,140,281,17,116,69,47,169,158,11,1
Sutton 005A,E01004127,630,388,121,267,4,179,157,22,57,49,8,2
Sutton 005B,E01004163,615,536,202,334,2,31,15,16,40,38,2,6
Sutton 005C,E01004165,705,454,155,299,5,109,51,58,133,123,10,4
Sutton 005D,E01004167,527,261,95,166,2,199,131,68,63,58,5,2
Sutton 005E,E01004187,640,407,125,282,2,178,122,56,46,42,4,7
Sutton 006A,E01004117,508,473,195,278,1,8,0,8,22,21,1,4
Sutton 006B,E01004121,627,465,226,239,2,24,2,22,133,124,9,3
Sutton 006C,E01004192,753,516,160,356,11,92,48,44,125,119,6,9
Sutton 006D,E01004193,923,666,175,491,4,97,8,89,154,148,6,2
Sutton 006E,E01004195,661,425,182,243,2,37,25,12,192,180,12,5
Sutton 007A,E01004144,633,532,250,282,0,12,7,5,85,74,11,4
Sutton 007B,E01004145,786,624,251,373,12,56,48,8,92,85,7,2
Sutton 007C,E01004146,686,475,161,314,2,78,22,56,120,101,19,11
Sutton 007D,E01004147,603,513,245,268,0,50,20,30,36,32,4,4
Sutton 008A,E01004116,640,560,316,244,0,43,3,40,34,32,2,3
Sutton 008B,E01004122,517,440,224,216,1,39,9,30,31,30,1,6
Sutton 008C,E01004190,499,452,232,220,2,3,1,2,39,36,3,3
Sutton 008D,E01004191,657,531,263,268,6,10,4,6,106,93,13,4
Sutton 008E,E01004194,609,487,198,289,5,52,2,50,61,52,9,4
Sutton 008F,E01004196,567,499,236,263,1,9,3,6,55,49,6,3
Sutton 009A,E01004115,664,592,241,351,0,3,1,2,65,58,7,4
Sutton 009B,E01004118,669,514,257,257,3,24,10,14,124,117,7,4
Sutton 009C,E01004119,506,471,191,280,1,2,1,1,30,28,2,2
Sutton 009D,E01004132,514,470,197,273,1,4,3,1,37,34,3,2
Sutton 009E,E01004133,533,497,203,294,0,4,1,3,29,25,4,3
Sutton 010A,E01004171,558,462,205,257,5,38,9,29,51,43,8,2
Sutton 010B,E01004172,748,384,148,236,2,190,117,73,167,160,7,5
Sutton 010C,E01004173,520,380,163,217,0,106,54,52,30,28,2,4
Sutton 010D,E01004175,690,510,189,321,7,84,56,28,84,80,4,5
Sutton 010E,E01004176,583,388,118,270,21,65,40,25,106,99,7,3
Sutton 011A,E01004076,616,419,144,275,4,112,95,17,76,72,4,5
Sutton 011B,E01004077,629,492,218,274,1,56,28,28,74,66,8,6
Sutton 011C,E01004078,686,448,116,332,1,126,67,59,106,94,12,5
Sutton 011D,E01004079,489,458,207,251,2,5,4,1,22,20,2,2
Sutton 011E,E01004080,506,472,234,238,1,2,1,1,28,27,1,3
Sutton 011F,E01004081,615,476,160,316,3,59,43,16,74,70,4,3
Sutton 011G,E01004082,496,459,188,271,1,5,3,2,29,26,3,2
Sutton 012A,E01004137,763,430,166,264,8,28,11,17,292,282,10,5
Sutton 012B,E01004140,746,250,68,182,8,316,224,92,166,157,9,6
Sutton 012C,E01004141,724,414,159,255,3,182,146,36,118,110,8,7
Sutton 012D,E01004142,1052,262,77,185,93,453,314,139,229,219,10,15
Sutton 012E,E01004149,813,588,307,281,0,68,30,38,151,149,2,6
Sutton 013A,E01004101,531,467,227,240,0,13,5,8,47,42,5,4
Sutton 013B,E01004103,734,515,178,337,4,35,6,29,177,160,17,3
Sutton 013C,E01004138,697,455,131,324,4,95,25,70,141,134,7,2
Sutton 013D,E01004139,595,407,141,266,3,33,17,16,149,141,8,3
Sutton 013E,E01004168,579,499,215,284,5,22,5,17,53,47,6,0
Sutton 014A,E01004143,626,436,141,295,4,75,10,65,109,103,6,2
Sutton 014B,E01004148,643,358,121,237,3,198,172,26,81,76,5,3
Sutton 014C,E01004159,629,508,220,288,6,28,23,5,81,75,6,6
Sutton 014D,E01004160,672,465,166,299,1,20,10,10,184,176,8,2
Sutton 014E,E01004161,594,502,164,338,1,12,9,3,78,70,8,1
Sutton 015A,E01004097,625,498,200,298,2,13,5,8,110,107,3,2
Sutton 015B,E01004098,504,399,187,212,0,18,10,8,84,79,5,3
Sutton 015C,E01004099,711,413,153,260,1,146,56,90,143,133,10,8
Sutton 015D,E01004100,536,451,229,222,0,23,10,13,61,56,5,1
Sutton 015E,E01004102,556,425,188,237,2,46,18,28,78,71,7,5
Sutton 016A,E01004110,790,482,229,253,1,47,22,25,249,232,17,11
Sutton 016B,E01004111,578,472,194,278,2,40,31,9,57,51,6,7
Sutton 016C,E01004112,668,578,317,261,1,2,1,1,80,76,4,7
Sutton 016D,E01004120,547,510,242,268,0,5,3,2,27,26,1,5
Sutton 016E,E01004157,452,425,202,223,0,4,2,2,23,21,2,0
Sutton 017A,E01004087,522,496,258,238,0,4,2,2,20,20,0,2
Sutton 017B,E01004170,751,510,202,308,10,41,30,11,184,176,8,6
Sutton 017C,E01004174,664,431,163,268,4,59,22,37,164,157,7,6
Sutton 017D,E01004178,950,539,196,343,8,103,6,97,293,277,16,7
Sutton 017E,E01004179,599,491,197,294,1,15,6,9,90,86,4,2
Sutton 018A,E01004152,849,405,202,203,1,153,64,89,286,269,17,4
Sutton 018B,E01004155,822,533,221,312,3,17,11,6,266,255,11,3
Sutton 018C,E01004156,892,421,210,211,5,41,5,36,419,407,12,6
Sutton 018D,E01004158,696,454,222,232,3,22,5,17,210,194,16,7
Sutton 018E,E01004162,745,422,169,253,1,54,22,32,261,255,6,7
Sutton 019A,E01004083,612,144,63,81,18,413,81,332,31,29,2,6
Sutton 019B,E01004086,592,405,181,224,31,81,25,56,71,65,6,4
Sutton 019C,E01004088,733,53,9,44,6,640,111,529,19,16,3,15
Sutton 019D,E01004089,549,137,48,89,59,321,60,261,31,28,3,1
Sutton 019E,E01004182,653,296,88,208,2,266,63,203,85,80,5,4
Sutton 020A,E01004104,551,511,272,239,2,8,2,6,28,26,2,2
Sutton 020B,E01004107,619,438,157,281,0,117,105,12,60,59,1,4
Sutton 020C,E01004177,911,453,247,206,0,244,26,218,200,192,8,14
Sutton 020D,E01004180,616,568,317,251,1,8,4,4,33,31,2,6
Sutton 020E,E01004181,756,509,249,260,2,101,34,67,135,126,9,9
Sutton 021A,E01004090,540,170,51,119,0,302,245,57,65,60,5,3
Sutton 021B,E01004096,756,367,128,239,2,77,13,64,305,289,16,5
Sutton 021C,E01004150,936,353,192,161,2,251,55,196,317,303,14,13
Sutton 021D,E01004151,790,415,168,247,0,48,3,45,323,311,12,4
Sutton 021E,E01004153,903,459,238,221,1,95,11,84,337,324,13,11
Sutton 022A,E01004091,474,460,240,220,0,4,2,2,8,8,0,2
Sutton 022B,E01004092,585,490,266,224,1,9,8,1,79,76,3,6
Sutton 022C,E01004105,647,523,223,300,2,55,49,6,59,55,4,8
Sutton 022D,E01004106,522,502,267,235,0,1,0,1,17,17,0,2
Sutton 022E,E01004154,561,477,260,217,0,16,12,4,66,66,0,2
Sutton 024A,E01004084,504,475,254,221,2,3,2,1,22,19,3,2
Sutton 024B,E01004085,582,528,258,270,0,8,4,4,45,39,6,1
Sutton 024C,E01004108,595,507,207,300,2,34,32,2,47,37,10,5
Sutton 024D,E01004109,638,420,166,254,5,163,157,6,47,39,8,3
Sutton 025A,E01004093,598,488,225,263,1,14,2,12,88,85,3,7
Sutton 025B,E01004094,748,541,230,311,10,25,7,18,162,153,9,10
Sutton 025C,E01004095,635,514,265,249,7,4,2,2,106,98,8,4
Sutton 025D,E01004114,595,558,321,237,1,4,1,3,27,25,2,5
Sutton 025E,E01032623,619,583,350,233,1,3,1,2,30,28,2,2
Waltham Forest 001A,E01004349,547,322,154,168,5,178,145,33,36,33,3,6
Waltham Forest 001B,E01004350,915,455,247,208,19,323,35,288,110,98,12,8
Waltham Forest 001C,E01004351,645,548,288,260,1,49,13,36,41,36,5,6
Waltham Forest 001D,E01004356,590,405,180,225,2,116,75,41,60,56,4,7
Waltham Forest 001E,E01004357,574,451,242,209,0,72,60,12,43,40,3,8
Waltham Forest 002A,E01004352,813,612,331,281,0,37,4,33,151,139,12,13
Waltham Forest 002B,E01004353,798,616,356,260,5,69,28,41,104,96,8,4
Waltham Forest 002C,E01004354,749,532,244,288,1,34,21,13,180,173,7,2
Waltham Forest 002D,E01004358,788,504,234,270,3,162,79,83,107,102,5,12
Waltham Forest 002E,E01004359,610,472,219,253,3,83,29,54,46,43,3,6
Waltham Forest 003A,E01004384,695,357,141,216,4,243,201,42,87,83,4,4
Waltham Forest 003B,E01004385,650,315,154,161,6,254,228,26,65,59,6,10
Waltham Forest 003C,E01004386,642,583,306,277,2,16,13,3,35,30,5,6
Waltham Forest 003D,E01004389,706,402,175,227,3,216,187,29,81,79,2,4
Waltham Forest 003E,E01004390,652,329,143,186,2,268,213,55,46,41,5,7
Waltham Forest 004A,E01004355,673,421,164,257,7,157,55,102,86,78,8,2
Waltham Forest 004B,E01004360,492,445,239,206,1,16,8,8,24,23,1,6
Waltham Forest 004C,E01004413,685,340,154,186,21,277,115,162,40,38,2,7
Waltham Forest 004D,E01004415,583,397,160,237,2,137,32,105,45,41,4,2
Waltham Forest 004E,E01004416,632,461,191,270,1,102,86,16,61,56,5,7
Waltham Forest 005A,E01004361,492,435,198,237,1,14,7,7,39,35,4,3
Waltham Forest 005B,E01004414,615,487,243,244,4,37,8,29,82,77,5,5
Waltham Forest 005C,E01004417,650,433,193,240,3,107,51,56,102,93,9,5
Waltham Forest 005D,E01004451,641,506,224,282,2,80,63,17,52,45,7,1
Waltham Forest 005E,E01004452,692,448,217,231,1,110,52,58,128,122,6,5
Waltham Forest 006A,E01004450,605,548,262,286,2,11,4,7,41,38,3,3
Waltham Forest 006B,E01004453,658,472,180,292,3,34,19,15,142,132,10,7
Waltham Forest 006C,E01004454,640,474,233,241,4,66,49,17,88,77,11,8
Waltham Forest 006D,E01004455,544,328,130,198,0,108,51,57,99,96,3,9
Waltham Forest 006E,E01004456,539,142,40,102,1,362,72,290,23,20,3,11
Waltham Forest 007A,E01004379,523,452,179,273,1,13,5,8,53,51,2,4
Waltham Forest 007B,E01004380,607,362,153,209,17,159,143,16,65,57,8,4
Waltham Forest 007C,E01004381,674,501,177,324,2,54,44,10,110,107,3,7
Waltham Forest 007D,E01004383,575,456,198,258,5,63,47,16,48,46,2,3
Waltham Forest 007E,E01004387,525,470,206,264,1,11,6,5,41,36,5,2
Waltham Forest 007F,E01004388,649,372,175,197,8,108,85,23,154,145,9,7
Waltham Forest 008A,E01004343,647,509,194,315,1,37,13,24,96,87,9,4
Waltham Forest 008B,E01004344,667,332,103,229,4,182,93,89,137,133,4,12
Waltham Forest 008C,E01004382,501,158,52,106,2,287,222,65,47,45,2,7
Waltham Forest 008D,E01004418,649,447,205,242,11,87,48,39,99,95,4,5
Waltham Forest 008E,E01004419,637,461,203,258,4,28,14,14,131,127,4,13
Waltham Forest 009A,E01004398,679,233,82,151,7,344,206,138,82,74,8,13
Waltham Forest 009B,E01004399,594,175,40,135,10,342,240,102,61,60,1,6
Waltham Forest 009C,E01004400,641,332,110,222,1,114,65,49,183,172,11,11
Waltham Forest 009D,E01004402,663,332,111,221,6,185,131,54,128,122,6,12
Waltham Forest 009E,E01004403,602,296,83,213,4,198,127,71,97,90,7,7
Waltham Forest 010A,E01004345,624,406,134,272,2,69,20,49,145,141,4,2
Waltham Forest 010B,E01004348,973,502,151,351,22,123,55,68,321,307,14,5
Waltham Forest 010C,E01004377,626,481,203,278,4,52,15,37,86,75,11,3
Waltham Forest 010D,E01004378,677,387,158,229,18,158,47,111,109,99,10,5
Waltham Forest 011A,E01004342,789,359,132,227,6,184,113,71,232,222,10,8
Waltham Forest 011B,E01004346,557,372,122,250,4,88,16,72,85,80,5,8
Waltham Forest 011C,E01004347,809,488,138,350,2,113,25,88,202,185,17,4
Waltham Forest 011D,E01004460,671,334,118,216,6,144,50,94,177,166,11,10
Waltham Forest 011E,E01004462,639,286,109,177,30,93,28,65,220,212,8,10
Waltham Forest 012A,E01004396,647,382,160,222,1,45,14,31,214,207,7,5
Waltham Forest 012B,E01004457,738,353,100,253,10,149,40,109,220,205,15,6
Waltham Forest 012C,E01004458,681,377,160,217,6,81,53,28,208,201,7,9
Waltham Forest 012D,E01004459,535,87,31,56,3,396,198,198,37,33,4,12
Waltham Forest 012E,E01004463,906,466,101,365,7,154,47,107,273,261,12,6
Waltham Forest 013A,E01004407,493,83,25,58,1,315,278,37,87,86,1,7
Waltham Forest 013B,E01004410,852,224,70,154,11,423,298,125,172,160,12,22
Waltham Forest 013C,E01004464,643,154,47,107,5,373,300,73,104,99,5,7
Waltham Forest 013D,E01004469,627,190,70,120,3,328,268,60,97,90,7,9
Waltham Forest 013E,E01004470,602,262,104,158,3,166,105,61,168,160,8,3
Waltham Forest 013F,E01004471,668,268,94,174,4,222,168,54,166,156,10,8
Waltham Forest 014A,E01004391,846,395,133,262,7,161,65,96,275,261,14,8
Waltham Forest 014B,E01004393,1023,463,74,389,7,303,125,178,239,230,9,11
Waltham Forest 014C,E01004401,803,383,123,260,15,175,55,120,221,211,10,9
Waltham Forest 014D,E01004404,882,234,60,174,68,274,118,156,294,285,9,12
Waltham Forest 014E,E01004461,794,424,168,256,5,47,22,25,312,298,14,6
Waltham Forest 015A,E01004412,740,357,130,227,21,124,69,55,229,224,5,9
Waltham Forest 015B,E01004465,543,350,125,225,3,77,57,20,107,103,4,6
Waltham Forest 015C,E01004466,638,417,129,288,1,76,30,46,139,128,11,5
Waltham Forest 015D,E01004467,881,214,81,133,7,343,209,134,306,297,9,11
Waltham Forest 015E,E01004468,657,454,193,261,2,42,31,11,151,128,23,8
Waltham Forest 016A,E01004406,731,273,103,170,2,87,52,35,360,348,12,9
Waltham Forest 016B,E01004408,676,355,128,227,6,136,63,73,178,166,12,1
Waltham Forest 016C,E01004409,711,290,107,183,12,161,73,88,231,217,14,17
Waltham Forest 016D,E01004411,648,273,102,171,2,88,32,56,277,270,7,8
Waltham Forest 016E,E01004443,586,272,127,145,11,87,27,60,208,197,11,8
Waltham Forest 016F,E01004447,653,393,146,247,6,52,24,28,194,186,8,8
Waltham Forest 017A,E01004392,879,401,136,265,6,120,40,80,344,329,15,8
Waltham Forest 017B,E01004394,744,264,108,156,8,267,183,84,198,191,7,7
Waltham Forest 017C,E01004397,849,356,128,228,41,102,43,59,339,324,15,11
Waltham Forest 017D,E01004444,966,286,75,211,16,321,190,131,334,328,6,9
Waltham Forest 017E,E01004446,677,364,132,232,8,92,65,27,209,203,6,4
Waltham Forest 018A,E01004395,565,354,124,230,0,58,37,21,149,140,9,4
Waltham Forest 018B,E01004421,604,352,173,179,6,85,43,42,152,146,6,9
Waltham Forest 018C,E01004445,624,312,136,176,8,116,92,24,184,179,5,4
Waltham Forest 018D,E01004448,759,309,107,202,34,149,35,114,261,247,14,6
Waltham Forest 018E,E01004449,599,147,38,109,8,372,164,208,65,60,5,7
Waltham Forest 019A,E01004363,506,363,153,210,5,22,3,19,110,106,4,6
Waltham Forest 019B,E01004364,563,257,116,141,0,158,34,124,139,130,9,9
Waltham Forest 019C,E01004366,642,404,220,184,10,45,9,36,177,163,14,6
Waltham Forest 019D,E01004367,537,297,141,156,8,61,17,44,164,162,2,7
Waltham Forest 019E,E01004368,720,323,147,176,13,76,19,57,303,292,11,5
Waltham Forest 020A,E01004365,700,232,102,130,19,117,23,94,322,313,9,10
Waltham Forest 020B,E01004405,566,268,109,159,13,130,76,54,148,141,7,7
Waltham Forest 020C,E01004420,790,281,115,166,6,239,90,149,262,243,19,2
Waltham Forest 020D,E01004423,697,215,105,110,4,240,97,143,231,216,15,7
Waltham Forest 020G,E01033153,936,157,53,104,9,600,107,493,155,144,11,15
Waltham Forest 021A,E01004362,676,308,119,189,9,111,10,101,242,232,10,6
Waltham Forest 021B,E01004436,580,260,105,155,2,117,28,89,196,191,5,5
Waltham Forest 021C,E01004437,762,255,121,134,3,185,16,169,309,296,13,10
Waltham Forest 021D,E01004439,619,275,128,147,3,124,19,105,214,205,9,3
Waltham Forest 021E,E01004442,668,370,135,235,2,63,18,45,229,222,7,4
Waltham Forest 022A,E01004422,589,364,166,198,14,43,16,27,158,144,14,10
Waltham Forest 022B,E01004424,627,212,64,148,9,159,49,110,237,226,11,10
Waltham Forest 022C,E01004425,848,359,59,300,28,161,69,92,298,287,11,2
Waltham Forest 022D,E01004426,590,371,157,214,4,59,26,33,150,143,7,6
Waltham Forest 022E,E01004427,852,338,92,246,9,42,22,20,454,439,15,9
Waltham Forest 023A,E01004369,615,230,69,161,3,62,21,41,318,308,10,2
Waltham Forest 023B,E01004370,636,340,131,209,1,44,7,37,249,244,5,2
Waltham Forest 023C,E01004372,744,340,102,238,1,37,8,29,362,353,9,4
Waltham Forest 023D,E01004432,652,338,127,211,3,61,16,45,242,235,7,8
Waltham Forest 023E,E01004435,749,276,101,175,7,158,23,135,302,290,12,6
Waltham Forest 024A,E01004333,611,201,69,132,3,249,167,82,153,146,7,5
Waltham Forest 024B,E01004334,637,118,41,77,2,439,379,60,65,64,1,13
Waltham Forest 024C,E01004438,772,339,139,200,12,76,18,58,332,310,22,13
Waltham Forest 024D,E01004440,794,280,106,174,52,110,14,96,345,335,10,7
Waltham Forest 024E,E01004441,635,374,147,227,5,70,15,55,181,174,7,5
Waltham Forest 025A,E01004371,615,304,133,171,4,64,12,52,237,225,12,6
Waltham Forest 025B,E01004373,621,265,112,153,4,82,12,70,263,259,4,7
Waltham Forest 025C,E01004374,688,362,155,207,4,57,15,42,259,243,16,6
Waltham Forest 025D,E01004375,647,270,96,174,1,60,6,54,306,295,11,10
Waltham Forest 025E,E01004376,654,273,144,129,1,69,9,60,306,299,7,5
Waltham Forest 026A,E01004336,564,204,118,86,1,98,27,71,257,249,8,4
Waltham Forest 026B,E01004428,653,104,38,66,0,474,81,393,71,67,4,4
Waltham Forest 026C,E01004429,653,223,104,119,34,212,26,186,178,170,8,6
Waltham Forest 026D,E01004430,827,304,132,172,14,79,17,62,423,408,15,7
Waltham Forest 026E,E01004434,737,309,136,173,9,211,51,160,197,189,8,11
Waltham Forest 027A,E01004335,645,65,18,47,3,474,276,198,98,93,5,5
Waltham Forest 027B,E01004337,717,213,85,128,4,324,243,81,170,160,10,6
Waltham Forest 027C,E01004338,580,251,120,131,2,49,23,26,274,268,6,4
Waltham Forest 027D,E01004339,661,261,93,168,7,122,43,79,267,258,9,4
Waltham Forest 027E,E01004340,698,149,46,103,3,348,139,209,191,181,10,7
Waltham Forest 027F,E01004341,665,142,43,99,0,330,70,260,190,187,3,3
Waltham Forest 028A,E01004327,465,168,55,113,1,184,128,56,106,101,5,6
Waltham Forest 028B,E01004328,671,305,88,217,3,100,49,51,258,245,13,5
Waltham Forest 028C,E01004329,671,315,92,223,3,101,42,59,243,229,14,9
Waltham Forest 028D,E01004330,625,334,123,211,4,65,26,39,219,214,5,3
Waltham Forest 028E,E01004331,675,286,109,177,5,142,42,100,234,219,15,8
Waltham Forest 028F,E01004332,633,228,91,137,1,132,74,58,253,239,14,19
,,,,,,,,,,,,,
,,,,,,,,,,,,,
,,,,,,,,,,,,,
,"In order to protect against disclosure of personal information, records",,,,,,,,,,,,
,have been swapped between different geographic areas. Some counts will,,,,,,,,,,,,
,"be affected, particularly small counts at the lowest geographies",,,,,,,,,,,,